 0.29220100E+03  0.39054024E+02
 0.30504500E+03  0.38811647E+02
 0.32110000E+03  0.38541704E+02
 0.33394400E+03  0.38346940E+02
 0.34678800E+03  0.38168677E+02
 0.36605400E+03  0.37927954E+02
 0.38210900E+03  0.37748140E+02
 0.40137500E+03  0.37552330E+02
 0.42064100E+03  0.37372571E+02
 0.43990700E+03  0.37207675E+02
 0.46880600E+03  0.36981091E+02
 0.48486100E+03  0.36856281E+02
 0.50733800E+03  0.36688138E+02
 0.52018200E+03  0.36595581E+02
 0.53623700E+03  0.36480425E+02
 0.56513600E+03  0.36277852E+02
 0.57798000E+03  0.36189436E+02
 0.59724600E+03  0.36048618E+02
 0.62293400E+03  0.35863794E+02
 0.64220000E+03  0.35727596E+02
 0.65825500E+03  0.35618448E+02
 0.67431000E+03  0.35509088E+02
 0.69357600E+03  0.35374677E+02
 0.70963100E+03  0.35266412E+02
 0.72889700E+03  0.35142722E+02
 0.75137400E+03  0.31924506E+02
 0.77064000E+03  0.31658870E+02
 0.78990600E+03  0.31341130E+02
 0.80917200E+03  0.31098709E+02
 0.83486000E+03  0.30994010E+02
 0.85412600E+03  0.30740879E+02
 0.87981400E+03  0.30694507E+02
 0.89586900E+03  0.30762051E+02
 0.92155700E+03  0.30660952E+02
 0.95045600E+03  0.30774464E+02
 0.96972200E+03  0.31181259E+02
 0.99862100E+03  0.30881761E+02
 0.10210980E+04  0.30686136E+02
 0.10467860E+04  0.30666038E+02
 0.10660520E+04  0.30662560E+02
 0.10949510E+04  0.30669017E+02
 0.11174280E+04  0.30674845E+02
 0.11431160E+04  0.30631126E+02
 0.11623820E+04  0.30587217E+02
 0.11816480E+04  0.30558101E+02
 0.12041250E+04  0.30559716E+02
 0.12298130E+04  0.30610404E+02
 0.12490790E+04  0.30590895E+02
 0.12779780E+04  0.30531574E+02
 0.13004550E+04  0.30503813E+02
 0.13261430E+04  0.30497041E+02
 0.13454090E+04  0.30501884E+02
 0.13743080E+04  0.30509924E+02
 0.13935740E+04  0.30494603E+02
 0.14160510E+04  0.30466134E+02
 0.14417390E+04  0.30454393E+02
 0.14610050E+04  0.30456362E+02
 0.14802710E+04  0.30462454E+02
 0.15091700E+04  0.30454532E+02
 0.15380690E+04  0.30426919E+02
 0.15573350E+04  0.30429356E+02
 0.15766010E+04  0.30431345E+02
 0.16055000E+04  0.30393165E+02
 0.16343990E+04  0.30133540E+02
 0.16632980E+04  0.30004455E+02
 0.16825640E+04  0.30002159E+02
 0.17114630E+04  0.30008764E+02
 0.17339400E+04  0.30034356E+02
 0.17596280E+04  0.30013619E+02
 0.17788940E+04  0.29966593E+02
 0.18077930E+04  0.29892893E+02
 0.18302700E+04  0.29867187E+02
 0.18559580E+04  0.29861829E+02
 0.18752240E+04  0.29842846E+02
 0.19041230E+04  0.29812472E+02
 0.19266000E+04  0.29805755E+02
 0.19522880E+04  0.29789323E+02
 0.19715540E+04  0.29751552E+02
 0.20004530E+04  0.29689336E+02
 0.20229300E+04  0.29667800E+02
 0.20486180E+04  0.29626155E+02
 0.20678840E+04  0.29603853E+02
 0.20967830E+04  0.29574554E+02
 0.21160490E+04  0.29554349E+02
 0.21449480E+04  0.29490200E+02
 0.21674250E+04  0.29450647E+02
 0.21931130E+04  0.29436138E+02
 0.22123790E+04  0.29397801E+02
 0.22412780E+04  0.29342542E+02
 0.22637550E+04  0.29332365E+02
 0.22894430E+04  0.29249329E+02
 0.23183420E+04  0.29179728E+02
 0.23376080E+04  0.29141772E+02
 0.23600850E+04  0.29098445E+02
 0.23857730E+04  0.29050325E+02
 0.24050390E+04  0.29010801E+02
 0.24339380E+04  0.28955787E+02
 0.24564150E+04  0.28918450E+02
 0.24821030E+04  0.28841220E+02
 0.25013690E+04  0.28791486E+02
 0.25302680E+04  0.28722860E+02
 0.25527450E+04  0.28666043E+02
 0.25784330E+04  0.28586977E+02
 0.25976990E+04  0.28531599E+02
 0.26265980E+04  0.28452044E+02
 0.26490750E+04  0.28391263E+02
 0.26747630E+04  0.28346388E+02
 0.26940290E+04  0.28279464E+02
 0.27229280E+04  0.28170795E+02
 0.27454050E+04  0.28100644E+02
 0.27710930E+04  0.28001665E+02
 0.27903590E+04  0.27934400E+02
 0.28192580E+04  0.27842014E+02
 0.28417350E+04  0.27759030E+02
 0.28674230E+04  0.27658244E+02
 0.28866890E+04  0.27590815E+02
 0.29155880E+04  0.27480840E+02
 0.29380650E+04  0.27372079E+02
 0.29637530E+04  0.26548392E+02
 0.29830190E+04  0.26218701E+02
 0.30119180E+04  0.25745663E+02
 0.30343950E+04  0.25450364E+02
 0.30600830E+04  0.25204882E+02
 0.30793490E+04  0.25077095E+02
 0.31082480E+04  0.25117388E+02
 0.31307250E+04  0.25542684E+02
 0.31564130E+04  0.24782359E+02
 0.31756790E+04  0.24611309E+02
 0.32045780E+04  0.24535178E+02
 0.32270550E+04  0.24496246E+02
 0.32527430E+04  0.24701736E+02
 0.32720090E+04  0.25006320E+02
 0.33009080E+04  0.25191163E+02
 0.33233850E+04  0.24771428E+02
 0.33490730E+04  0.24403568E+02
 0.33683390E+04  0.24285073E+02
 0.33972380E+04  0.24233984E+02
 0.34197150E+04  0.24257958E+02
 0.34454030E+04  0.24197480E+02
 0.34646690E+04  0.24204247E+02
 0.34935680E+04  0.24216691E+02
 0.35160450E+04  0.24168003E+02
 0.35417330E+04  0.24187340E+02
 0.35609990E+04  0.24193194E+02
 0.35898980E+04  0.24205122E+02
 0.36123750E+04  0.24230930E+02
 0.36380630E+04  0.24199489E+02
 0.36573290E+04  0.24207549E+02
 0.36862280E+04  0.24230936E+02
 0.37087050E+04  0.24228150E+02
 0.37343930E+04  0.24223418E+02
 0.37536590E+04  0.24266749E+02
 0.37825580E+04  0.24333198E+02
 0.38050350E+04  0.24321870E+02
 0.38307230E+04  0.24494222E+02
 0.38499890E+04  0.24650749E+02
 0.38550000E+04  0.24712593E+02
 0.38560000E+04  0.24724934E+02
 0.38570000E+04  0.24737276E+02
 0.38580000E+04  0.24749618E+02
 0.38590000E+04  0.24761960E+02
 0.38600000E+04  0.24774301E+02
 0.38610000E+04  0.24786643E+02
 0.38620000E+04  0.24798985E+02
 0.38630000E+04  0.24811326E+02
 0.38640000E+04  0.24823668E+02
 0.38650000E+04  0.24836010E+02
 0.38660000E+04  0.24848351E+02
 0.38670000E+04  0.24860693E+02
 0.38680000E+04  0.24873035E+02
 0.38690000E+04  0.24885376E+02
 0.38700000E+04  0.24897718E+02
 0.38710000E+04  0.24910060E+02
 0.38720000E+04  0.24922402E+02
 0.38730000E+04  0.24934743E+02
 0.38740000E+04  0.24947085E+02
 0.38750000E+04  0.24959427E+02
 0.38760000E+04  0.24971768E+02
 0.38770000E+04  0.24984110E+02
 0.38780000E+04  0.24996452E+02
 0.38788880E+04  0.25007411E+02
 0.38790000E+04  0.25009053E+02
 0.38800000E+04  0.25023711E+02
 0.38810000E+04  0.25038370E+02
 0.38820000E+04  0.25053028E+02
 0.38830000E+04  0.25067687E+02
 0.38840000E+04  0.25082345E+02
 0.38850000E+04  0.25097003E+02
 0.38860000E+04  0.25111655E+02
 0.38870000E+04  0.25126288E+02
 0.38880000E+04  0.25140845E+02
 0.38890000E+04  0.25155132E+02
 0.38900000E+04  0.25168541E+02
 0.38910000E+04  0.25179348E+02
 0.38920000E+04  0.25183160E+02
 0.38930000E+04  0.25170124E+02
 0.38940000E+04  0.25121561E+02
 0.38950000E+04  0.25010081E+02
 0.38960000E+04  0.24810467E+02
 0.38970000E+04  0.24519866E+02
 0.38980000E+04  0.24166375E+02
 0.38990000E+04  0.23793892E+02
 0.39000000E+04  0.23442091E+02
 0.39010000E+04  0.23138385E+02
 0.39013650E+04  0.23044897E+02
 0.39020000E+04  0.22897438E+02
 0.39030000E+04  0.22729954E+02
 0.39040000E+04  0.22641463E+02
 0.39050000E+04  0.22633711E+02
 0.39060000E+04  0.22706594E+02
 0.39070000E+04  0.22858112E+02
 0.39080000E+04  0.23083680E+02
 0.39090000E+04  0.23374557E+02
 0.39100000E+04  0.23715162E+02
 0.39110000E+04  0.24079569E+02
 0.39120000E+04  0.24429912E+02
 0.39130000E+04  0.24723157E+02
 0.39140000E+04  0.24929606E+02
 0.39150000E+04  0.25048831E+02
 0.39160000E+04  0.25103733E+02
 0.39170000E+04  0.25121285E+02
 0.39180000E+04  0.25120701E+02
 0.39190000E+04  0.25112433E+02
 0.39200000E+04  0.25101253E+02
 0.39210000E+04  0.25089073E+02
 0.39220000E+04  0.25076580E+02
 0.39230000E+04  0.25063997E+02
 0.39240000E+04  0.25051391E+02
 0.39250000E+04  0.25038780E+02
 0.39260000E+04  0.25026167E+02
 0.39270000E+04  0.25013554E+02
 0.39280000E+04  0.25000941E+02
 0.39290000E+04  0.24988328E+02
 0.39300000E+04  0.24975715E+02
 0.39310000E+04  0.24963102E+02
 0.39320000E+04  0.24950489E+02
 0.39330000E+04  0.24937875E+02
 0.39340000E+04  0.24925262E+02
 0.39350000E+04  0.24912649E+02
 0.39360000E+04  0.24900036E+02
 0.39370000E+04  0.24887423E+02
 0.39380000E+04  0.24874810E+02
 0.39390000E+04  0.24862197E+02
 0.39400000E+04  0.24849584E+02
 0.39410000E+04  0.24836971E+02
 0.39420000E+04  0.24824357E+02
 0.39430000E+04  0.24811744E+02
 0.39440000E+04  0.24799131E+02
 0.39450000E+04  0.24786518E+02
 0.39460000E+04  0.24773905E+02
 0.39470000E+04  0.24761292E+02
 0.39480000E+04  0.24748679E+02
 0.39490000E+04  0.24736066E+02
 0.39500000E+04  0.24723453E+02
 0.39510000E+04  0.24710840E+02
 0.39520000E+04  0.24698226E+02
 0.39530000E+04  0.24685613E+02
 0.39540000E+04  0.24673000E+02
 0.39550000E+04  0.24660387E+02
 0.39976950E+04  0.24121871E+02
 0.40940250E+04  0.24002680E+02
 0.41903550E+04  0.24011926E+02
 0.42866850E+04  0.23972895E+02
 0.43830150E+04  0.23953587E+02
 0.44793450E+04  0.23954545E+02
 0.45756750E+04  0.23929883E+02
 0.46463170E+04  0.23915017E+02
 0.47362250E+04  0.23924698E+02
 0.48325550E+04  0.23923678E+02
 0.48967750E+04  0.23937338E+02
 0.49931050E+04  0.23959584E+02
 0.50894350E+04  0.23932759E+02
 0.51857650E+04  0.23942172E+02
 0.52820950E+04  0.23954849E+02
 0.53687920E+04  0.23970651E+02
 0.54426450E+04  0.23941906E+02
 0.55389750E+04  0.23958600E+02
 0.56353050E+04  0.23930032E+02
 0.57316350E+04  0.23938235E+02
 0.58279650E+04  0.23930999E+02
 0.59242950E+04  0.23953838E+02
 0.60206250E+04  0.23937035E+02
 0.61169550E+04  0.23942620E+02
 0.62132850E+04  0.23953504E+02
 0.63160370E+04  0.23933077E+02
 0.64059450E+04  0.23953079E+02
 0.65022750E+04  0.23945373E+02
 0.65986050E+04  0.23987559E+02
 0.66724580E+04  0.23944537E+02
 0.67591550E+04  0.23942424E+02
 0.68554850E+04  0.23952344E+02
 0.69518150E+04  0.23957072E+02
 0.70481450E+04  0.23935155E+02
 0.71444750E+04  0.23970148E+02
 0.72408050E+04  0.23969335E+02
 0.73371350E+04  0.23946908E+02
 0.74334650E+04  0.23961671E+02
 0.75297950E+04  0.24003599E+02
 0.76261250E+04  0.23979080E+02
 0.77224550E+04  0.23994300E+02
 0.78187850E+04  0.23985318E+02
 0.79151150E+04  0.23980971E+02
 0.80114450E+04  0.23991869E+02
 0.80852980E+04  0.23977283E+02
 0.81719950E+04  0.23996338E+02
 0.82683250E+04  0.23958668E+02
 0.83646550E+04  0.23971207E+02
 0.84609850E+04  0.23957453E+02
 0.85573150E+04  0.23935907E+02
 0.86536450E+04  0.23932221E+02
 0.87499750E+04  0.23942742E+02
 0.88463050E+04  0.23960816E+02
 0.89426350E+04  0.23930137E+02
 0.90389650E+04  0.23910612E+02
 0.91352950E+04  0.23922366E+02
 0.92316250E+04  0.23911877E+02
 0.93440100E+04  0.23887147E+02
 0.95366700E+04  0.23888943E+02
 0.97293300E+04  0.23874459E+02
 0.99219900E+04  0.23866552E+02
 0.10114650E+05  0.23862004E+02
 0.10307310E+05  0.23853919E+02
 0.10499970E+05  0.23833192E+02
 0.10666942E+05  0.23863595E+02
 0.10676575E+05  0.23858670E+02
 0.10686208E+05  0.23882295E+02
 0.10695841E+05  0.23852821E+02
 0.10705474E+05  0.23863892E+02
 0.10715107E+05  0.23901788E+02
 0.10724740E+05  0.23885577E+02
 0.10734373E+05  0.23873823E+02
 0.10744006E+05  0.23846866E+02
 0.10753639E+05  0.23902175E+02
 0.10763272E+05  0.23894828E+02
 0.10772905E+05  0.23885224E+02
 0.10782538E+05  0.23898885E+02
 0.10792171E+05  0.23927035E+02
 0.10801804E+05  0.23896728E+02
 0.10811437E+05  0.23917622E+02
 0.10821070E+05  0.23913305E+02
 0.10830703E+05  0.23927859E+02
 0.10840336E+05  0.23874529E+02
 0.10849969E+05  0.23904195E+02
 0.10859602E+05  0.23877136E+02
 0.10869235E+05  0.23860035E+02
 0.10878868E+05  0.23876583E+02
 0.10888501E+05  0.23849199E+02
 0.10898134E+05  0.23855937E+02
 0.10907767E+05  0.23827741E+02
 0.10917400E+05  0.23873998E+02
 0.10927033E+05  0.23881545E+02
 0.10936666E+05  0.23886145E+02
 0.10946299E+05  0.23878758E+02
 0.10955932E+05  0.23875025E+02
 0.10965565E+05  0.23854156E+02
 0.10975198E+05  0.23848210E+02
 0.10984831E+05  0.23835741E+02
 0.10994464E+05  0.23849963E+02
 0.11004097E+05  0.23842793E+02
 0.11013730E+05  0.23829636E+02
 0.11023363E+05  0.23847347E+02
 0.11032996E+05  0.23827673E+02
 0.11042629E+05  0.23838822E+02
 0.11052262E+05  0.23874669E+02
 0.11061895E+05  0.23863561E+02
 0.11071528E+05  0.23805038E+02
 0.11081161E+05  0.23857479E+02
 0.11090794E+05  0.23868835E+02
 0.11100427E+05  0.23870866E+02
 0.11110060E+05  0.23878335E+02
 0.11119693E+05  0.23854626E+02
 0.11129326E+05  0.23863112E+02
 0.11138959E+05  0.23843821E+02
 0.11148592E+05  0.23838422E+02
 0.11158225E+05  0.23873532E+02
 0.11167858E+05  0.23855673E+02
 0.11177491E+05  0.23841497E+02
 0.11187124E+05  0.23851211E+02
 0.11196757E+05  0.23817174E+02
 0.11206390E+05  0.23844274E+02
 0.11216023E+05  0.23833047E+02
 0.11225656E+05  0.23858424E+02
 0.11235289E+05  0.23833192E+02
 0.11244922E+05  0.23847141E+02
 0.11254555E+05  0.23858858E+02
 0.11264188E+05  0.23861018E+02
 0.11273821E+05  0.23843764E+02
 0.11283454E+05  0.23864022E+02
 0.11293087E+05  0.23835433E+02
 0.11302720E+05  0.23838830E+02
 0.11312353E+05  0.23844429E+02
 0.11321986E+05  0.23839303E+02
 0.11331619E+05  0.23817589E+02
 0.11341252E+05  0.23802813E+02
 0.11350885E+05  0.23830039E+02
 0.11360518E+05  0.23818514E+02
 0.11370151E+05  0.23811949E+02
 0.11379784E+05  0.23804072E+02
 0.11389417E+05  0.23799878E+02
 0.11399050E+05  0.23797909E+02
 0.11408683E+05  0.23799744E+02
 0.11418316E+05  0.23800734E+02
 0.11427949E+05  0.23790468E+02
 0.11437582E+05  0.23786621E+02
 0.11447215E+05  0.23815461E+02
 0.11456848E+05  0.23813697E+02
 0.11466481E+05  0.23840121E+02
 0.11476114E+05  0.23854494E+02
 0.11485747E+05  0.23839324E+02
 0.11495380E+05  0.23844854E+02
 0.11505013E+05  0.23847685E+02
 0.11514646E+05  0.23870901E+02
 0.11524279E+05  0.23860649E+02
 0.11533912E+05  0.23840697E+02
 0.11543545E+05  0.23835131E+02
 0.11553178E+05  0.23819588E+02
 0.11562811E+05  0.23824149E+02
 0.11572444E+05  0.23832306E+02
 0.11582077E+05  0.23825153E+02
 0.11591710E+05  0.23821642E+02
 0.11601343E+05  0.23818990E+02
 0.11610976E+05  0.23804242E+02
 0.11620609E+05  0.23803593E+02
 0.11630242E+05  0.23794604E+02
 0.11639875E+05  0.23777600E+02
 0.11649508E+05  0.23759153E+02
 0.11659141E+05  0.23796422E+02
 0.11668774E+05  0.23769565E+02
 0.11678407E+05  0.23788797E+02
 0.11688040E+05  0.23779134E+02
 0.11697673E+05  0.23797558E+02
 0.11707306E+05  0.23796810E+02
 0.11716939E+05  0.23796085E+02
 0.11726572E+05  0.23784573E+02
 0.11736205E+05  0.23770819E+02
 0.11745838E+05  0.23766963E+02
 0.11755471E+05  0.23782974E+02
 0.11765104E+05  0.23778418E+02
 0.11774737E+05  0.23781067E+02
 0.11784370E+05  0.23781381E+02
 0.11794003E+05  0.23769234E+02
 0.11803636E+05  0.23793191E+02
 0.11813269E+05  0.23797802E+02
 0.11822902E+05  0.23785890E+02
 0.11832535E+05  0.23796217E+02
 0.11842168E+05  0.23787172E+02
 0.11851801E+05  0.23764016E+02
 0.11861434E+05  0.23740265E+02
 0.11871067E+05  0.23777270E+02
 0.11880700E+05  0.23682444E+02
 0.11890333E+05  0.23775677E+02
 0.11899966E+05  0.23781327E+02
 0.11909599E+05  0.23683291E+02
 0.11917000E+05  0.23805044E+02
 0.11918000E+05  0.23821495E+02
 0.11919000E+05  0.23837945E+02
 0.11919232E+05  0.23841762E+02
 0.11920000E+05  0.23826543E+02
 0.11921000E+05  0.23806726E+02
 0.11922000E+05  0.23786909E+02
 0.11923000E+05  0.23767092E+02
 0.11924000E+05  0.23747274E+02
 0.11925000E+05  0.23727457E+02
 0.11926000E+05  0.23707640E+02
 0.11927000E+05  0.23687823E+02
 0.11928000E+05  0.23668006E+02
 0.11928865E+05  0.23650865E+02
 0.11929000E+05  0.23649542E+02
 0.11930000E+05  0.23639747E+02
 0.11931000E+05  0.23629952E+02
 0.11932000E+05  0.23620157E+02
 0.11933000E+05  0.23610362E+02
 0.11934000E+05  0.23600567E+02
 0.11935000E+05  0.23590772E+02
 0.11936000E+05  0.23580977E+02
 0.11937000E+05  0.23571182E+02
 0.11938000E+05  0.23561387E+02
 0.11938498E+05  0.23556510E+02
 0.11939000E+05  0.23570120E+02
 0.11940000E+05  0.23597232E+02
 0.11941000E+05  0.23624344E+02
 0.11942000E+05  0.23651456E+02
 0.11943000E+05  0.23678567E+02
 0.11944000E+05  0.23705679E+02
 0.11945000E+05  0.23732791E+02
 0.11946000E+05  0.23759903E+02
 0.11947000E+05  0.23787015E+02
 0.11948000E+05  0.23814124E+02
 0.11948131E+05  0.23817674E+02
 0.11949000E+05  0.23811669E+02
 0.11950000E+05  0.23804720E+02
 0.11951000E+05  0.23797632E+02
 0.11952000E+05  0.23790066E+02
 0.11953000E+05  0.23781003E+02
 0.11954000E+05  0.23767687E+02
 0.11955000E+05  0.23743445E+02
 0.11956000E+05  0.23694299E+02
 0.11957000E+05  0.23596340E+02
 0.11957764E+05  0.23459330E+02
 0.11958000E+05  0.23416761E+02
 0.11959000E+05  0.23134325E+02
 0.11960000E+05  0.22775819E+02
 0.11961000E+05  0.22378778E+02
 0.11962000E+05  0.21985222E+02
 0.11963000E+05  0.21627854E+02
 0.11964000E+05  0.21327708E+02
 0.11965000E+05  0.21097045E+02
 0.11966000E+05  0.20942580E+02
 0.11967000E+05  0.20867653E+02
 0.11967397E+05  0.20869926E+02
 0.11968000E+05  0.20874790E+02
 0.11969000E+05  0.20963125E+02
 0.11970000E+05  0.21129562E+02
 0.11971000E+05  0.21369196E+02
 0.11972000E+05  0.21672756E+02
 0.11973000E+05  0.22023844E+02
 0.11974000E+05  0.22395530E+02
 0.11975000E+05  0.22749354E+02
 0.11976000E+05  0.23043220E+02
 0.11977000E+05  0.23250224E+02
 0.11977030E+05  0.23253704E+02
 0.11978000E+05  0.23399756E+02
 0.11979000E+05  0.23492466E+02
 0.11980000E+05  0.23551055E+02
 0.11981000E+05  0.23592644E+02
 0.11982000E+05  0.23626829E+02
 0.11983000E+05  0.23658130E+02
 0.11984000E+05  0.23688414E+02
 0.11985000E+05  0.23718371E+02
 0.11986000E+05  0.23748231E+02
 0.11986663E+05  0.23768012E+02
 0.11987000E+05  0.23771291E+02
 0.11988000E+05  0.23781016E+02
 0.11989000E+05  0.23790739E+02
 0.11990000E+05  0.23800462E+02
 0.11991000E+05  0.23810185E+02
 0.11992000E+05  0.23819908E+02
 0.11993000E+05  0.23829631E+02
 0.11994000E+05  0.23839354E+02
 0.11995000E+05  0.23849077E+02
 0.11996000E+05  0.23858800E+02
 0.11996296E+05  0.23861678E+02
 0.11997000E+05  0.23834440E+02
 0.11998000E+05  0.23795750E+02
 0.11999000E+05  0.23757060E+02
 0.12000000E+05  0.23718370E+02
 0.12001000E+05  0.23679680E+02
 0.12002000E+05  0.23640990E+02
 0.12003000E+05  0.23602300E+02
 0.12004000E+05  0.23563609E+02
 0.12005000E+05  0.23524919E+02
 0.12005929E+05  0.23488976E+02
 0.12006000E+05  0.23487973E+02
 0.12007000E+05  0.23473844E+02
 0.12008000E+05  0.23459716E+02
 0.12009000E+05  0.23445587E+02
 0.12010000E+05  0.23431458E+02
 0.12011000E+05  0.23417330E+02
 0.12012000E+05  0.23403201E+02
 0.12013000E+05  0.23389072E+02
 0.12014000E+05  0.23374944E+02
 0.12015000E+05  0.23360815E+02
 0.12015562E+05  0.23352875E+02
 0.12016000E+05  0.23355955E+02
 0.12017000E+05  0.23362988E+02
 0.12025195E+05  0.23420624E+02
 0.12034828E+05  0.23695314E+02
 0.12044461E+05  0.23895283E+02
 0.12054094E+05  0.23532038E+02
 0.12063727E+05  0.23341942E+02
 0.12073360E+05  0.23314452E+02
 0.12082993E+05  0.23311728E+02
 0.12092626E+05  0.23437496E+02
 0.12102259E+05  0.23754264E+02
 0.12111892E+05  0.23865714E+02
 0.12121525E+05  0.23500419E+02
 0.12131158E+05  0.23278918E+02
 0.12140791E+05  0.23170190E+02
 0.12150424E+05  0.23138919E+02
 0.12160057E+05  0.23161339E+02
 0.12169690E+05  0.23228176E+02
 0.12179323E+05  0.23379843E+02
 0.12188956E+05  0.23707430E+02
 0.12198589E+05  0.23902428E+02
 0.12208222E+05  0.23497259E+02
 0.12217855E+05  0.23274047E+02
 0.12227488E+05  0.23161894E+02
 0.12237121E+05  0.23085551E+02
 0.12246754E+05  0.23096230E+02
 0.12256387E+05  0.23086314E+02
 0.12266020E+05  0.23116688E+02
 0.12275653E+05  0.23123967E+02
 0.12285286E+05  0.23201978E+02
 0.12294919E+05  0.23321691E+02
 0.12304552E+05  0.23548374E+02
 0.12314185E+05  0.23913657E+02
 0.12323818E+05  0.23738149E+02
 0.12333451E+05  0.23400285E+02
 0.12343084E+05  0.23204029E+02
 0.12352717E+05  0.23103511E+02
 0.12362350E+05  0.23059685E+02
 0.12371983E+05  0.23023411E+02
 0.12381616E+05  0.23022192E+02
 0.12391249E+05  0.23005156E+02
 0.12400882E+05  0.22997615E+02
 0.12410515E+05  0.23014419E+02
 0.12420148E+05  0.23004486E+02
 0.12429781E+05  0.23027017E+02
 0.12439414E+05  0.23054940E+02
 0.12449047E+05  0.23090466E+02
 0.12458680E+05  0.23162382E+02
 0.12468313E+05  0.23280979E+02
 0.12477946E+05  0.23537958E+02
 0.12487579E+05  0.23891207E+02
 0.12497212E+05  0.23604844E+02
 0.12506845E+05  0.23327200E+02
 0.12516478E+05  0.23173954E+02
 0.12526111E+05  0.23095883E+02
 0.12535744E+05  0.23035731E+02
 0.12545377E+05  0.23002144E+02
 0.12555010E+05  0.22948252E+02
 0.12564643E+05  0.22952517E+02
 0.12574276E+05  0.22947870E+02
 0.12583909E+05  0.22940199E+02
 0.12593542E+05  0.22938174E+02
 0.12603175E+05  0.22935302E+02
 0.12612808E+05  0.22960316E+02
 0.12622441E+05  0.23028514E+02
 0.12632074E+05  0.23206828E+02
 0.12641707E+05  0.23022779E+02
 0.12651340E+05  0.22944438E+02
 0.12660973E+05  0.22936962E+02
 0.12670606E+05  0.22955895E+02
 0.12680239E+05  0.22967167E+02
 0.12689872E+05  0.22988263E+02
 0.12699505E+05  0.23008985E+02
 0.12709138E+05  0.23058875E+02
 0.12718771E+05  0.23143037E+02
 0.12728404E+05  0.23295755E+02
 0.12738037E+05  0.23650438E+02
 0.12747670E+05  0.24014665E+02
 0.12757303E+05  0.23644291E+02
 0.12766936E+05  0.23315519E+02
 0.12776569E+05  0.23154475E+02
 0.12786202E+05  0.23071280E+02
 0.12795835E+05  0.23011986E+02
 0.12805468E+05  0.22979000E+02
 0.12815101E+05  0.22951490E+02
 0.12824734E+05  0.22933587E+02
 0.12834367E+05  0.22930698E+02
 0.12844000E+05  0.22924497E+02
 0.12853633E+05  0.22926959E+02
 0.12863266E+05  0.22929518E+02
 0.12872899E+05  0.22916097E+02
 0.12882532E+05  0.22912725E+02
 0.12892165E+05  0.22904654E+02
 0.12901798E+05  0.22887036E+02
 0.12911431E+05  0.22885056E+02
 0.12921064E+05  0.22911093E+02
 0.12930697E+05  0.22915686E+02
 0.12940330E+05  0.22894662E+02
 0.12949963E+05  0.22883967E+02
 0.12959596E+05  0.22869957E+02
 0.12969229E+05  0.22866963E+02
 0.12978862E+05  0.22873363E+02
 0.12988495E+05  0.22893740E+02
 0.12998128E+05  0.22881560E+02
 0.13007761E+05  0.22870425E+02
 0.13017394E+05  0.22881614E+02
 0.13027027E+05  0.22874668E+02
 0.13036660E+05  0.22871127E+02
 0.13046293E+05  0.22891486E+02
 0.13055926E+05  0.22914937E+02
 0.13065559E+05  0.22914876E+02
 0.13075192E+05  0.22938334E+02
 0.13084825E+05  0.22937281E+02
 0.13094458E+05  0.22964253E+02
 0.13104091E+05  0.22950494E+02
 0.13113724E+05  0.22969055E+02
 0.13123357E+05  0.22999184E+02
 0.13132990E+05  0.23033018E+02
 0.13142623E+05  0.23108565E+02
 0.13152256E+05  0.23247128E+02
 0.13161889E+05  0.23500372E+02
 0.13171522E+05  0.23802196E+02
 0.13181155E+05  0.23490183E+02
 0.13190788E+05  0.23248348E+02
 0.13200421E+05  0.23121966E+02
 0.13210054E+05  0.23040287E+02
 0.13219687E+05  0.22991364E+02
 0.13229320E+05  0.22976558E+02
 0.13238953E+05  0.22952551E+02
 0.13248586E+05  0.22935192E+02
 0.13258219E+05  0.22945965E+02
 0.13267852E+05  0.22937688E+02
 0.13277485E+05  0.22907203E+02
 0.13287118E+05  0.22889840E+02
 0.13296751E+05  0.22889640E+02
 0.13306384E+05  0.22908960E+02
 0.13316017E+05  0.22888575E+02
 0.13325650E+05  0.22883296E+02
 0.13335283E+05  0.22879453E+02
 0.13344916E+05  0.22880132E+02
 0.13354549E+05  0.22873738E+02
 0.13364182E+05  0.22875005E+02
 0.13373815E+05  0.22871008E+02
 0.13383448E+05  0.22875133E+02
 0.13393081E+05  0.22889584E+02
 0.13402714E+05  0.22903016E+02
 0.13412347E+05  0.22890680E+02
 0.13421980E+05  0.22896190E+02
 0.13431613E+05  0.22882495E+02
 0.13441246E+05  0.22877464E+02
 0.13450879E+05  0.22885412E+02
 0.13460512E+05  0.22892021E+02
 0.13470145E+05  0.22894634E+02
 0.13479778E+05  0.22911704E+02
 0.13489411E+05  0.22915097E+02
 0.13499044E+05  0.22906210E+02
 0.13508677E+05  0.22895660E+02
 0.13518310E+05  0.22893317E+02
 0.13527943E+05  0.22894633E+02
 0.13537576E+05  0.22911925E+02
 0.13547209E+05  0.22889972E+02
 0.13556842E+05  0.22889406E+02
 0.13566475E+05  0.22913432E+02
 0.13576108E+05  0.22914936E+02
 0.13585741E+05  0.22888363E+02
 0.13595374E+05  0.22919443E+02
 0.13605007E+05  0.22898223E+02
 0.13614640E+05  0.22888530E+02
 0.13624273E+05  0.22888948E+02
 0.13633906E+05  0.22895275E+02
 0.13643539E+05  0.22901423E+02
 0.13653172E+05  0.22893738E+02
 0.13662805E+05  0.22891792E+02
 0.13672438E+05  0.22896792E+02
 0.13682071E+05  0.22901724E+02
 0.13691704E+05  0.22883198E+02
 0.13701337E+05  0.22889476E+02
 0.13710970E+05  0.22904093E+02
 0.13720603E+05  0.22914488E+02
 0.13730236E+05  0.22892883E+02
 0.13739869E+05  0.22886271E+02
 0.13749502E+05  0.22891291E+02
 0.13759135E+05  0.22892538E+02
 0.13768768E+05  0.22907374E+02
 0.13778401E+05  0.22925487E+02
 0.13788034E+05  0.22924343E+02
 0.13797667E+05  0.22931246E+02
 0.13807300E+05  0.22956669E+02
 0.13816933E+05  0.22960718E+02
 0.13826566E+05  0.22940931E+02
 0.13836199E+05  0.22955091E+02
 0.13845832E+05  0.22949463E+02
 0.13855465E+05  0.22960996E+02
 0.13865098E+05  0.22933850E+02
 0.13874731E+05  0.22955778E+02
 0.13884364E+05  0.22984836E+02
 0.13893997E+05  0.23019117E+02
 0.13903630E+05  0.23054317E+02
 0.13913263E+05  0.23138977E+02
 0.13922896E+05  0.23305250E+02
 0.13932529E+05  0.23633895E+02
 0.13942162E+05  0.23647323E+02
 0.13951795E+05  0.23329854E+02
 0.13961428E+05  0.23156262E+02
 0.13971061E+05  0.23093344E+02
 0.13980694E+05  0.23021835E+02
 0.13990327E+05  0.22978433E+02
 0.13999960E+05  0.22955188E+02
 0.14009593E+05  0.22936345E+02
 0.14019226E+05  0.22928437E+02
 0.14028859E+05  0.22936126E+02
 0.14038492E+05  0.22939259E+02
 0.14048125E+05  0.22952155E+02
 0.14057758E+05  0.22929040E+02
 0.14067391E+05  0.22934673E+02
 0.14077024E+05  0.22980116E+02
 0.14086657E+05  0.22960367E+02
 0.14096290E+05  0.22948806E+02
 0.14105923E+05  0.22940179E+02
 0.14115556E+05  0.22954696E+02
 0.14125189E+05  0.22941495E+02
 0.14134822E+05  0.22939656E+02
 0.14144455E+05  0.22938174E+02
 0.14154088E+05  0.22932880E+02
 0.14163721E+05  0.22923915E+02
 0.14173354E+05  0.22935725E+02
 0.14182987E+05  0.22954299E+02
 0.14192620E+05  0.22928683E+02
 0.14202253E+05  0.22924126E+02
 0.14211886E+05  0.22927850E+02
 0.14221519E+05  0.22924509E+02
 0.14231152E+05  0.22924014E+02
 0.14240785E+05  0.22930826E+02
 0.14250418E+05  0.22913492E+02
 0.14260051E+05  0.22918256E+02
 0.14269684E+05  0.22936557E+02
 0.14279317E+05  0.22911486E+02
 0.14288950E+05  0.22915090E+02
 0.14298583E+05  0.22910299E+02
 0.14308216E+05  0.22918548E+02
 0.14317849E+05  0.22906795E+02
 0.14327482E+05  0.22906826E+02
 0.14337115E+05  0.22913855E+02
 0.14346748E+05  0.22939274E+02
 0.14356381E+05  0.22942348E+02
 0.14366014E+05  0.22914839E+02
 0.14375647E+05  0.22908224E+02
 0.14385280E+05  0.22948244E+02
 0.14394913E+05  0.22944162E+02
 0.14404546E+05  0.22902933E+02
 0.14414179E+05  0.22917750E+02
 0.14423812E+05  0.22909188E+02
 0.14433445E+05  0.22904306E+02
 0.14443078E+05  0.22905831E+02
 0.14452711E+05  0.22928583E+02
 0.14462344E+05  0.22914503E+02
 0.14471977E+05  0.22917035E+02
 0.14481610E+05  0.22919796E+02
 0.14491243E+05  0.22917148E+02
 0.14500876E+05  0.22925371E+02
 0.14510509E+05  0.22925453E+02
 0.14520142E+05  0.22937180E+02
 0.14529775E+05  0.22928687E+02
 0.14539408E+05  0.22927419E+02
 0.14549041E+05  0.22927379E+02
 0.14558674E+05  0.22948266E+02
 0.14568307E+05  0.22922330E+02
 0.14577940E+05  0.22919884E+02
 0.14587573E+05  0.22923388E+02
 0.14597206E+05  0.22922475E+02
 0.14606839E+05  0.22951852E+02
 0.14616472E+05  0.22933760E+02
 0.14626105E+05  0.22939729E+02
 0.14635738E+05  0.22929233E+02
 0.14645371E+05  0.22916339E+02
 0.14655004E+05  0.22930831E+02
 0.14664637E+05  0.22917371E+02
 0.14674270E+05  0.22922732E+02
 0.14683903E+05  0.22937622E+02
 0.14693536E+05  0.22927275E+02
 0.14703169E+05  0.22930036E+02
 0.14712802E+05  0.22945203E+02
 0.14722435E+05  0.22949744E+02
 0.14732068E+05  0.22936617E+02
 0.14741701E+05  0.22935046E+02
 0.14751334E+05  0.22926519E+02
 0.14760967E+05  0.22922162E+02
 0.14770600E+05  0.22927402E+02
 0.14780233E+05  0.22929624E+02
 0.14789866E+05  0.22930391E+02
 0.14799499E+05  0.22931695E+02
 0.14809132E+05  0.22932998E+02
 0.14818765E+05  0.22931440E+02
 0.14828398E+05  0.22941823E+02
 0.14838031E+05  0.22939880E+02
 0.14847664E+05  0.22929741E+02
 0.14857297E+05  0.22934014E+02
 0.14866930E+05  0.22942989E+02
 0.14876563E+05  0.22935583E+02
 0.14886196E+05  0.22937314E+02
 0.14895829E+05  0.22924992E+02
 0.14905462E+05  0.22922983E+02
 0.14915095E+05  0.22924447E+02
 0.14924728E+05  0.22932132E+02
 0.14934361E+05  0.22916977E+02
 0.14943994E+05  0.22922346E+02
 0.14953627E+05  0.22924807E+02
 0.14963260E+05  0.22915683E+02
 0.14972893E+05  0.22922374E+02
 0.14982526E+05  0.22928796E+02
 0.14992159E+05  0.22934202E+02
 0.15001792E+05  0.22926170E+02
 0.15011425E+05  0.22925435E+02
 0.15021058E+05  0.22927715E+02
 0.15030691E+05  0.22939788E+02
 0.15040324E+05  0.22938023E+02
 0.15049957E+05  0.22941938E+02
 0.15059590E+05  0.22933780E+02
 0.15069223E+05  0.22937440E+02
 0.15078856E+05  0.22937904E+02
 0.15088489E+05  0.22941206E+02
 0.15098122E+05  0.22948315E+02
 0.15107755E+05  0.22949507E+02
 0.15117388E+05  0.22951011E+02
 0.15127021E+05  0.22949915E+02
 0.15136654E+05  0.22953627E+02
 0.15146287E+05  0.22947825E+02
 0.15155920E+05  0.22946125E+02
 0.15165553E+05  0.22946627E+02
 0.15175186E+05  0.22942014E+02
 0.15184819E+05  0.22950662E+02
 0.15194452E+05  0.22956827E+02
 0.15204085E+05  0.22949200E+02
 0.15213718E+05  0.22955460E+02
 0.15223351E+05  0.22955658E+02
 0.15232984E+05  0.22956309E+02
 0.15242617E+05  0.22949039E+02
 0.15252250E+05  0.22943392E+02
 0.15261883E+05  0.22942422E+02
 0.15271516E+05  0.22949065E+02
 0.15281149E+05  0.22944925E+02
 0.15290782E+05  0.22953776E+02
 0.15300415E+05  0.22954621E+02
 0.15310048E+05  0.22948154E+02
 0.15319681E+05  0.22943174E+02
 0.15329314E+05  0.22945413E+02
 0.15338947E+05  0.22950203E+02
 0.15348580E+05  0.22951651E+02
 0.15358213E+05  0.22949122E+02
 0.15367846E+05  0.22956401E+02
 0.15377479E+05  0.22953984E+02
 0.15387112E+05  0.22948584E+02
 0.15396745E+05  0.22945739E+02
 0.15406378E+05  0.22953702E+02
 0.15416011E+05  0.22952744E+02
 0.15425644E+05  0.22953349E+02
 0.15435277E+05  0.22958626E+02
 0.15444910E+05  0.22954693E+02
 0.15454543E+05  0.22957543E+02
 0.15464176E+05  0.22953118E+02
 0.15473809E+05  0.22954141E+02
 0.15483442E+05  0.22964534E+02
 0.15493075E+05  0.22975814E+02
 0.15502708E+05  0.22973368E+02
 0.15512341E+05  0.22979080E+02
 0.15521974E+05  0.22985685E+02
 0.15531607E+05  0.22995223E+02
 0.15541240E+05  0.23003217E+02
 0.15550873E+05  0.23015681E+02
 0.15559000E+05  0.23035007E+02
 0.15560000E+05  0.23037385E+02
 0.15560506E+05  0.23038588E+02
 0.15561000E+05  0.23040444E+02
 0.15562000E+05  0.23044200E+02
 0.15563000E+05  0.23047956E+02
 0.15564000E+05  0.23051712E+02
 0.15565000E+05  0.23055468E+02
 0.15566000E+05  0.23059224E+02
 0.15567000E+05  0.23062980E+02
 0.15568000E+05  0.23066736E+02
 0.15569000E+05  0.23070492E+02
 0.15570000E+05  0.23074248E+02
 0.15570139E+05  0.23074770E+02
 0.15571000E+05  0.23079082E+02
 0.15572000E+05  0.23084090E+02
 0.15573000E+05  0.23089097E+02
 0.15574000E+05  0.23094105E+02
 0.15575000E+05  0.23099113E+02
 0.15576000E+05  0.23104120E+02
 0.15577000E+05  0.23109128E+02
 0.15578000E+05  0.23114136E+02
 0.15579000E+05  0.23119143E+02
 0.15579772E+05  0.23123009E+02
 0.15580000E+05  0.23125151E+02
 0.15581000E+05  0.23134543E+02
 0.15582000E+05  0.23143935E+02
 0.15583000E+05  0.23153328E+02
 0.15584000E+05  0.23162720E+02
 0.15585000E+05  0.23172112E+02
 0.15586000E+05  0.23181505E+02
 0.15587000E+05  0.23190897E+02
 0.15588000E+05  0.23200289E+02
 0.15589000E+05  0.23209680E+02
 0.15589405E+05  0.23213482E+02
 0.15590000E+05  0.23223277E+02
 0.15591000E+05  0.23239720E+02
 0.15592000E+05  0.23256098E+02
 0.15593000E+05  0.23272236E+02
 0.15594000E+05  0.23287588E+02
 0.15595000E+05  0.23300587E+02
 0.15596000E+05  0.23307192E+02
 0.15597000E+05  0.23298197E+02
 0.15598000E+05  0.23255790E+02
 0.15599000E+05  0.23153002E+02
 0.15599038E+05  0.23145161E+02
 0.15600000E+05  0.22973501E+02
 0.15601000E+05  0.22696757E+02
 0.15602000E+05  0.22348692E+02
 0.15603000E+05  0.21974976E+02
 0.15604000E+05  0.21618088E+02
 0.15605000E+05  0.21307529E+02
 0.15606000E+05  0.21060964E+02
 0.15607000E+05  0.20888246E+02
 0.15608000E+05  0.20794623E+02
 0.15608671E+05  0.20786578E+02
 0.15609000E+05  0.20781545E+02
 0.15610000E+05  0.20848400E+02
 0.15611000E+05  0.20995914E+02
 0.15612000E+05  0.21220403E+02
 0.15613000E+05  0.21514715E+02
 0.15614000E+05  0.21865716E+02
 0.15615000E+05  0.22250519E+02
 0.15616000E+05  0.22633086E+02
 0.15617000E+05  0.22967266E+02
 0.15618000E+05  0.23213694E+02
 0.15618304E+05  0.23256689E+02
 0.15619000E+05  0.23356812E+02
 0.15620000E+05  0.23418770E+02
 0.15621000E+05  0.23433069E+02
 0.15622000E+05  0.23423876E+02
 0.15623000E+05  0.23404693E+02
 0.15624000E+05  0.23381727E+02
 0.15625000E+05  0.23357467E+02
 0.15626000E+05  0.23332804E+02
 0.15627000E+05  0.23308026E+02
 0.15627937E+05  0.23284781E+02
 0.15628000E+05  0.23284014E+02
 0.15629000E+05  0.23271845E+02
 0.15630000E+05  0.23259673E+02
 0.15631000E+05  0.23247501E+02
 0.15632000E+05  0.23235330E+02
 0.15633000E+05  0.23223158E+02
 0.15634000E+05  0.23210986E+02
 0.15635000E+05  0.23198814E+02
 0.15636000E+05  0.23186643E+02
 0.15637000E+05  0.23174471E+02
 0.15637570E+05  0.23167533E+02
 0.15638000E+05  0.23164962E+02
 0.15639000E+05  0.23158984E+02
 0.15640000E+05  0.23153005E+02
 0.15641000E+05  0.23147027E+02
 0.15642000E+05  0.23141049E+02
 0.15643000E+05  0.23135070E+02
 0.15644000E+05  0.23129092E+02
 0.15645000E+05  0.23123113E+02
 0.15646000E+05  0.23117135E+02
 0.15647000E+05  0.23111157E+02
 0.15647203E+05  0.23109943E+02
 0.15648000E+05  0.23106333E+02
 0.15649000E+05  0.23101804E+02
 0.15650000E+05  0.23097275E+02
 0.15651000E+05  0.23092745E+02
 0.15652000E+05  0.23088216E+02
 0.15653000E+05  0.23083687E+02
 0.15654000E+05  0.23079158E+02
 0.15655000E+05  0.23074628E+02
 0.15656000E+05  0.23070099E+02
 0.15656836E+05  0.23066313E+02
 0.15657000E+05  0.23065783E+02
 0.15658000E+05  0.23062552E+02
 0.15659000E+05  0.23059321E+02
 0.15666469E+05  0.23035189E+02
 0.15676102E+05  0.23013143E+02
 0.15685735E+05  0.23006532E+02
 0.15695368E+05  0.22990384E+02
 0.15705001E+05  0.23002834E+02
 0.15714634E+05  0.22982228E+02
 0.15724267E+05  0.22969974E+02
 0.15733900E+05  0.22970714E+02
 0.15743533E+05  0.22972761E+02
 0.15753166E+05  0.22961074E+02
 0.15762799E+05  0.22966694E+02
 0.15772432E+05  0.22972372E+02
 0.15782065E+05  0.22963491E+02
 0.15791698E+05  0.22974795E+02
 0.15801331E+05  0.23000399E+02
 0.15810964E+05  0.23011516E+02
 0.15820597E+05  0.22976269E+02
 0.15830230E+05  0.22961841E+02
 0.15839863E+05  0.22971593E+02
 0.15849496E+05  0.22970872E+02
 0.15859129E+05  0.22975521E+02
 0.15868762E+05  0.22962330E+02
 0.15873000E+05  0.22961809E+02
 0.15874000E+05  0.22961686E+02
 0.15875000E+05  0.22961563E+02
 0.15876000E+05  0.22961440E+02
 0.15877000E+05  0.22961317E+02
 0.15878000E+05  0.22961194E+02
 0.15878395E+05  0.22961145E+02
 0.15879000E+05  0.22961190E+02
 0.15880000E+05  0.22961265E+02
 0.15881000E+05  0.22961339E+02
 0.15882000E+05  0.22961414E+02
 0.15883000E+05  0.22961488E+02
 0.15884000E+05  0.22961563E+02
 0.15885000E+05  0.22961637E+02
 0.15886000E+05  0.22961712E+02
 0.15887000E+05  0.22961786E+02
 0.15888000E+05  0.22961861E+02
 0.15888028E+05  0.22961863E+02
 0.15889000E+05  0.22962067E+02
 0.15890000E+05  0.22962278E+02
 0.15891000E+05  0.22962488E+02
 0.15892000E+05  0.22962699E+02
 0.15893000E+05  0.22962909E+02
 0.15894000E+05  0.22963119E+02
 0.15895000E+05  0.22963330E+02
 0.15896000E+05  0.22963540E+02
 0.15897000E+05  0.22963751E+02
 0.15897661E+05  0.22963890E+02
 0.15898000E+05  0.22963849E+02
 0.15899000E+05  0.22963728E+02
 0.15900000E+05  0.22963606E+02
 0.15901000E+05  0.22963485E+02
 0.15902000E+05  0.22963364E+02
 0.15903000E+05  0.22963242E+02
 0.15904000E+05  0.22963120E+02
 0.15905000E+05  0.22962995E+02
 0.15906000E+05  0.22962857E+02
 0.15907000E+05  0.22962671E+02
 0.15907294E+05  0.22962569E+02
 0.15908000E+05  0.22964123E+02
 0.15909000E+05  0.22965808E+02
 0.15910000E+05  0.22966011E+02
 0.15911000E+05  0.22962351E+02
 0.15912000E+05  0.22949603E+02
 0.15913000E+05  0.22917850E+02
 0.15914000E+05  0.22851611E+02
 0.15915000E+05  0.22733102E+02
 0.15916000E+05  0.22551696E+02
 0.15916927E+05  0.22329846E+02
 0.15917000E+05  0.22313998E+02
 0.15918000E+05  0.22043141E+02
 0.15919000E+05  0.21773176E+02
 0.15920000E+05  0.21532109E+02
 0.15921000E+05  0.21340125E+02
 0.15922000E+05  0.21209951E+02
 0.15923000E+05  0.21148648E+02
 0.15924000E+05  0.21159110E+02
 0.15925000E+05  0.21240767E+02
 0.15926000E+05  0.21389446E+02
 0.15926560E+05  0.21500439E+02
 0.15927000E+05  0.21596405E+02
 0.15928000E+05  0.21846620E+02
 0.15929000E+05  0.22117149E+02
 0.15930000E+05  0.22378011E+02
 0.15931000E+05  0.22598665E+02
 0.15932000E+05  0.22759624E+02
 0.15933000E+05  0.22860214E+02
 0.15934000E+05  0.22914357E+02
 0.15935000E+05  0.22939619E+02
 0.15936000E+05  0.22949674E+02
 0.15936193E+05  0.22950261E+02
 0.15937000E+05  0.22954623E+02
 0.15938000E+05  0.22957143E+02
 0.15939000E+05  0.22958586E+02
 0.15940000E+05  0.22959662E+02
 0.15941000E+05  0.22960625E+02
 0.15942000E+05  0.22961555E+02
 0.15943000E+05  0.22962477E+02
 0.15944000E+05  0.22963397E+02
 0.15945000E+05  0.22964317E+02
 0.15945826E+05  0.22965076E+02
 0.15946000E+05  0.22965101E+02
 0.15947000E+05  0.22965245E+02
 0.15948000E+05  0.22965388E+02
 0.15949000E+05  0.22965532E+02
 0.15950000E+05  0.22965676E+02
 0.15951000E+05  0.22965819E+02
 0.15952000E+05  0.22965963E+02
 0.15953000E+05  0.22966106E+02
 0.15954000E+05  0.22966250E+02
 0.15955000E+05  0.22966394E+02
 0.15955459E+05  0.22966460E+02
 0.15956000E+05  0.22966365E+02
 0.15957000E+05  0.22966190E+02
 0.15958000E+05  0.22966014E+02
 0.15959000E+05  0.22965839E+02
 0.15960000E+05  0.22965664E+02
 0.15961000E+05  0.22965489E+02
 0.15962000E+05  0.22965314E+02
 0.15963000E+05  0.22965139E+02
 0.15964000E+05  0.22964963E+02
 0.15965000E+05  0.22964788E+02
 0.15965092E+05  0.22964772E+02
 0.15966000E+05  0.22964335E+02
 0.15967000E+05  0.22963855E+02
 0.15968000E+05  0.22963374E+02
 0.15969000E+05  0.22962893E+02
 0.15970000E+05  0.22962412E+02
 0.15971000E+05  0.22961932E+02
 0.15972000E+05  0.22961451E+02
 0.15973000E+05  0.22960970E+02
 0.15974725E+05  0.22960141E+02
 0.15984358E+05  0.22964415E+02
 0.15993991E+05  0.22967983E+02
 0.16003624E+05  0.22981024E+02
 0.16013257E+05  0.22967235E+02
 0.16022890E+05  0.22969224E+02
 0.16027000E+05  0.22970394E+02
 0.16028000E+05  0.22970679E+02
 0.16029000E+05  0.22970963E+02
 0.16030000E+05  0.22971248E+02
 0.16031000E+05  0.22971533E+02
 0.16032000E+05  0.22971817E+02
 0.16032523E+05  0.22971966E+02
 0.16033000E+05  0.22971403E+02
 0.16034000E+05  0.22970223E+02
 0.16035000E+05  0.22969043E+02
 0.16036000E+05  0.22967863E+02
 0.16037000E+05  0.22966682E+02
 0.16038000E+05  0.22965502E+02
 0.16039000E+05  0.22964322E+02
 0.16040000E+05  0.22963142E+02
 0.16041000E+05  0.22961962E+02
 0.16042000E+05  0.22960782E+02
 0.16042156E+05  0.22960597E+02
 0.16043000E+05  0.22961409E+02
 0.16044000E+05  0.22962371E+02
 0.16045000E+05  0.22963333E+02
 0.16046000E+05  0.22964294E+02
 0.16047000E+05  0.22965256E+02
 0.16048000E+05  0.22966218E+02
 0.16049000E+05  0.22967180E+02
 0.16050000E+05  0.22968141E+02
 0.16051000E+05  0.22969103E+02
 0.16051789E+05  0.22969862E+02
 0.16052000E+05  0.22969988E+02
 0.16053000E+05  0.22970584E+02
 0.16054000E+05  0.22971181E+02
 0.16055000E+05  0.22971777E+02
 0.16056000E+05  0.22972373E+02
 0.16057000E+05  0.22972969E+02
 0.16058000E+05  0.22973564E+02
 0.16059000E+05  0.22974150E+02
 0.16060000E+05  0.22974701E+02
 0.16061000E+05  0.22975124E+02
 0.16061422E+05  0.22975113E+02
 0.16062000E+05  0.22975088E+02
 0.16063000E+05  0.22973622E+02
 0.16064000E+05  0.22968046E+02
 0.16065000E+05  0.22951746E+02
 0.16066000E+05  0.22910593E+02
 0.16067000E+05  0.22819892E+02
 0.16068000E+05  0.22648602E+02
 0.16069000E+05  0.22377542E+02
 0.16070000E+05  0.22019494E+02
 0.16071000E+05  0.21615553E+02
 0.16071055E+05  0.21589001E+02
 0.16072000E+05  0.21211987E+02
 0.16073000E+05  0.20844266E+02
 0.16074000E+05  0.20534553E+02
 0.16075000E+05  0.20295465E+02
 0.16076000E+05  0.20133845E+02
 0.16077000E+05  0.20053198E+02
 0.16078000E+05  0.20054993E+02
 0.16079000E+05  0.20139202E+02
 0.16080000E+05  0.20304297E+02
 0.16080688E+05  0.20465094E+02
 0.16081000E+05  0.20546646E+02
 0.16082000E+05  0.20859155E+02
 0.16083000E+05  0.21228930E+02
 0.16084000E+05  0.21633277E+02
 0.16085000E+05  0.22036204E+02
 0.16086000E+05  0.22391147E+02
 0.16087000E+05  0.22657781E+02
 0.16088000E+05  0.22824861E+02
 0.16089000E+05  0.22912603E+02
 0.16090000E+05  0.22952068E+02
 0.16090321E+05  0.22956998E+02
 0.16091000E+05  0.22969005E+02
 0.16092000E+05  0.22976365E+02
 0.16093000E+05  0.22979794E+02
 0.16094000E+05  0.22981866E+02
 0.16095000E+05  0.22983510E+02
 0.16096000E+05  0.22985032E+02
 0.16097000E+05  0.22986521E+02
 0.16098000E+05  0.22988003E+02
 0.16099000E+05  0.22989483E+02
 0.16099954E+05  0.22990894E+02
 0.16100000E+05  0.22990932E+02
 0.16101000E+05  0.22991764E+02
 0.16102000E+05  0.22992595E+02
 0.16103000E+05  0.22993427E+02
 0.16104000E+05  0.22994258E+02
 0.16105000E+05  0.22995089E+02
 0.16106000E+05  0.22995921E+02
 0.16107000E+05  0.22996752E+02
 0.16108000E+05  0.22997584E+02
 0.16109000E+05  0.22998415E+02
 0.16109587E+05  0.22998903E+02
 0.16110000E+05  0.22999255E+02
 0.16111000E+05  0.23000106E+02
 0.16112000E+05  0.23000957E+02
 0.16113000E+05  0.23001808E+02
 0.16114000E+05  0.23002659E+02
 0.16115000E+05  0.23003510E+02
 0.16116000E+05  0.23004361E+02
 0.16117000E+05  0.23005213E+02
 0.16118000E+05  0.23006064E+02
 0.16119000E+05  0.23006915E+02
 0.16119220E+05  0.23007102E+02
 0.16120000E+05  0.23004783E+02
 0.16121000E+05  0.23001809E+02
 0.16122000E+05  0.22998835E+02
 0.16123000E+05  0.22995861E+02
 0.16124000E+05  0.22992888E+02
 0.16125000E+05  0.22989914E+02
 0.16126000E+05  0.22986940E+02
 0.16127000E+05  0.22983967E+02
 0.16128853E+05  0.22978456E+02
 0.16138486E+05  0.22965053E+02
 0.16148119E+05  0.22968139E+02
 0.16157752E+05  0.22973193E+02
 0.16167385E+05  0.22973209E+02
 0.16177018E+05  0.22977064E+02
 0.16186651E+05  0.22996649E+02
 0.16196284E+05  0.22977800E+02
 0.16205917E+05  0.22966060E+02
 0.16215550E+05  0.22975187E+02
 0.16225183E+05  0.22978438E+02
 0.16234816E+05  0.22976261E+02
 0.16244449E+05  0.22970264E+02
 0.16254082E+05  0.22961245E+02
 0.16263715E+05  0.22968241E+02
 0.16273348E+05  0.22973808E+02
 0.16282981E+05  0.22974115E+02
 0.16292614E+05  0.22976810E+02
 0.16302247E+05  0.22974356E+02
 0.16311880E+05  0.22983459E+02
 0.16321513E+05  0.22979463E+02
 0.16331146E+05  0.22973019E+02
 0.16340779E+05  0.22971102E+02
 0.16350412E+05  0.22963762E+02
 0.16360045E+05  0.22969078E+02
 0.16369678E+05  0.22977174E+02
 0.16379311E+05  0.22976893E+02
 0.16388944E+05  0.22969807E+02
 0.16398577E+05  0.22975375E+02
 0.16408210E+05  0.22976090E+02
 0.16417843E+05  0.22964626E+02
 0.16427476E+05  0.22963368E+02
 0.16437109E+05  0.22962153E+02
 0.16446742E+05  0.22967564E+02
 0.16456375E+05  0.22971857E+02
 0.16466008E+05  0.22972198E+02
 0.16475641E+05  0.22971219E+02
 0.16485274E+05  0.22968828E+02
 0.16494907E+05  0.22968838E+02
 0.16504540E+05  0.22975676E+02
 0.16514173E+05  0.22971616E+02
 0.16523806E+05  0.22971846E+02
 0.16533439E+05  0.22972570E+02
 0.16543072E+05  0.22982228E+02
 0.16552705E+05  0.22977753E+02
 0.16562338E+05  0.22967837E+02
 0.16571971E+05  0.22968392E+02
 0.16581604E+05  0.22970297E+02
 0.16591237E+05  0.23045238E+02
 0.16600870E+05  0.23037397E+02
 0.16610503E+05  0.23035813E+02
 0.16620136E+05  0.22979700E+02
 0.16629769E+05  0.22973686E+02
 0.16639402E+05  0.22997768E+02
 0.16649035E+05  0.23026086E+02
 0.16658668E+05  0.22993812E+02
 0.16668301E+05  0.22992193E+02
 0.16677934E+05  0.22994584E+02
 0.16687567E+05  0.22996897E+02
 0.16697200E+05  0.22987753E+02
 0.16706833E+05  0.22990926E+02
 0.16716466E+05  0.23003206E+02
 0.16726099E+05  0.23002031E+02
 0.16735732E+05  0.22987495E+02
 0.16745365E+05  0.22992507E+02
 0.16754998E+05  0.22996090E+02
 0.16764631E+05  0.22982385E+02
 0.16774264E+05  0.22990153E+02
 0.16783897E+05  0.23025880E+02
 0.16793530E+05  0.22992431E+02
 0.16803163E+05  0.23004541E+02
 0.16812796E+05  0.23001163E+02
 0.16822429E+05  0.22986694E+02
 0.16832062E+05  0.22984151E+02
 0.16841695E+05  0.22980098E+02
 0.16851328E+05  0.22991207E+02
 0.16860961E+05  0.22991588E+02
 0.16870594E+05  0.22989285E+02
 0.16880227E+05  0.22984744E+02
 0.16889860E+05  0.22986588E+02
 0.16899493E+05  0.23007545E+02
 0.16909126E+05  0.23015440E+02
 0.16918759E+05  0.23016030E+02
 0.16928392E+05  0.23004357E+02
 0.16938025E+05  0.23006929E+02
 0.16947658E+05  0.22993402E+02
 0.16957291E+05  0.22992570E+02
 0.16966924E+05  0.22998973E+02
 0.16976557E+05  0.22981978E+02
 0.16986190E+05  0.22983060E+02
 0.16995823E+05  0.22983112E+02
 0.17005456E+05  0.22989180E+02
 0.17015089E+05  0.22995519E+02
 0.17024722E+05  0.22993334E+02
 0.17034355E+05  0.22987767E+02
 0.17043988E+05  0.22989161E+02
 0.17053621E+05  0.22985562E+02
 0.17063254E+05  0.22994487E+02
 0.17072887E+05  0.23019203E+02
 0.17082520E+05  0.22993242E+02
 0.17092153E+05  0.22997280E+02
 0.17101786E+05  0.23002738E+02
 0.17111419E+05  0.23023328E+02
 0.17121052E+05  0.22993577E+02
 0.17130685E+05  0.22994303E+02
 0.17140318E+05  0.22996384E+02
 0.17149951E+05  0.23004109E+02
 0.17159584E+05  0.22994865E+02
 0.17169217E+05  0.22999035E+02
 0.17178850E+05  0.22997557E+02
 0.17188483E+05  0.22990143E+02
 0.17198116E+05  0.22986991E+02
 0.17207749E+05  0.22989491E+02
 0.17217382E+05  0.22998615E+02
 0.17227015E+05  0.23002000E+02
 0.17236648E+05  0.22998688E+02
 0.17246281E+05  0.23011523E+02
 0.17255914E+05  0.22993615E+02
 0.17265547E+05  0.22987602E+02
 0.17275180E+05  0.22989243E+02
 0.17284813E+05  0.22996675E+02
 0.17294446E+05  0.22988103E+02
 0.17304079E+05  0.22991680E+02
 0.17313712E+05  0.22998921E+02
 0.17323345E+05  0.22999696E+02
 0.17332978E+05  0.23010463E+02
 0.17342611E+05  0.22998170E+02
 0.17352244E+05  0.23006214E+02
 0.17361877E+05  0.23007870E+02
 0.17371510E+05  0.23008522E+02
 0.17381143E+05  0.23002439E+02
 0.17390776E+05  0.23003593E+02
 0.17400409E+05  0.22996940E+02
 0.17410042E+05  0.22997408E+02
 0.17419675E+05  0.23001314E+02
 0.17429308E+05  0.22998697E+02
 0.17438941E+05  0.23001169E+02
 0.17448574E+05  0.23006507E+02
 0.17458207E+05  0.22997472E+02
 0.17467840E+05  0.22991357E+02
 0.17477473E+05  0.22990311E+02
 0.17487106E+05  0.23008624E+02
 0.17496739E+05  0.23004844E+02
 0.17506372E+05  0.22998023E+02
 0.17516005E+05  0.23015086E+02
 0.17525638E+05  0.23000028E+02
 0.17535271E+05  0.22994661E+02
 0.17544904E+05  0.23001939E+02
 0.17554537E+05  0.22999380E+02
 0.17564170E+05  0.22994448E+02
 0.17573803E+05  0.22997688E+02
 0.17583436E+05  0.23009037E+02
 0.17593069E+05  0.22999068E+02
 0.17602702E+05  0.22998986E+02
 0.17612335E+05  0.22994929E+02
 0.17621968E+05  0.22996905E+02
 0.17631601E+05  0.22999082E+02
 0.17641234E+05  0.22995813E+02
 0.17650867E+05  0.22999218E+02
 0.17660500E+05  0.22998825E+02
 0.17670133E+05  0.23005585E+02
 0.17679766E+05  0.23006191E+02
 0.17689399E+05  0.23001921E+02
 0.17699032E+05  0.23004564E+02
 0.17708665E+05  0.23000567E+02
 0.17718298E+05  0.22994053E+02
 0.17727931E+05  0.22993709E+02
 0.17737564E+05  0.22991629E+02
 0.17747197E+05  0.23010860E+02
 0.17756830E+05  0.23007904E+02
 0.17766463E+05  0.23001555E+02
 0.17776096E+05  0.23007012E+02
 0.17785729E+05  0.22999116E+02
 0.17795362E+05  0.22999757E+02
 0.17804995E+05  0.23001353E+02
 0.17814628E+05  0.22996699E+02
 0.17824261E+05  0.22998063E+02
 0.17833894E+05  0.22997853E+02
 0.17843527E+05  0.22995986E+02
 0.17853160E+05  0.22996133E+02
 0.17862793E+05  0.23002008E+02
 0.17872426E+05  0.23001282E+02
 0.17882059E+05  0.23002774E+02
 0.17891692E+05  0.23006012E+02
 0.17901325E+05  0.23002738E+02
 0.17910958E+05  0.22999875E+02
 0.17920591E+05  0.22999626E+02
 0.17930224E+05  0.22999090E+02
 0.17939857E+05  0.23012197E+02
 0.17949490E+05  0.23015212E+02
 0.17959123E+05  0.23007775E+02
 0.17968756E+05  0.23003911E+02
 0.17978389E+05  0.23007166E+02
 0.17988022E+05  0.23015748E+02
 0.17997655E+05  0.23001049E+02
 0.18007288E+05  0.22997307E+02
 0.18016921E+05  0.22996396E+02
 0.18026554E+05  0.23002973E+02
 0.18036187E+05  0.23004249E+02
 0.18045820E+05  0.22996044E+02
 0.18055453E+05  0.22999538E+02
 0.18065086E+05  0.23001429E+02
 0.18074719E+05  0.22996357E+02
 0.18084352E+05  0.22999925E+02
 0.18093985E+05  0.23000264E+02
 0.18103618E+05  0.23003095E+02
 0.18113251E+05  0.23004394E+02
 0.18122884E+05  0.23002536E+02
 0.18132517E+05  0.23002912E+02
 0.18142150E+05  0.23002530E+02
 0.18151783E+05  0.23002561E+02
 0.18161416E+05  0.23005987E+02
 0.18171049E+05  0.23013879E+02
 0.18180682E+05  0.23006153E+02
 0.18190315E+05  0.22999828E+02
 0.18199948E+05  0.23010087E+02
 0.18209581E+05  0.23004672E+02
 0.18219214E+05  0.23002402E+02
 0.18228847E+05  0.23001299E+02
 0.18238480E+05  0.23003436E+02
 0.18248113E+05  0.23009976E+02
 0.18257746E+05  0.23008621E+02
 0.18267379E+05  0.23008188E+02
 0.18277012E+05  0.23007588E+02
 0.18286645E+05  0.23004141E+02
 0.18296278E+05  0.23003276E+02
 0.18305911E+05  0.23009282E+02
 0.18315544E+05  0.23005691E+02
 0.18325177E+05  0.23006824E+02
 0.18334810E+05  0.23011690E+02
 0.18344443E+05  0.23007401E+02
 0.18354076E+05  0.23004875E+02
 0.18363709E+05  0.23005465E+02
 0.18373342E+05  0.23004625E+02
 0.18382975E+05  0.23003921E+02
 0.18392608E+05  0.23005684E+02
 0.18402241E+05  0.23003027E+02
 0.18411874E+05  0.23001058E+02
 0.18421507E+05  0.23004218E+02
 0.18431140E+05  0.23002979E+02
 0.18440773E+05  0.23003929E+02
 0.18450406E+05  0.23003482E+02
 0.18460039E+05  0.23003670E+02
 0.18469672E+05  0.23002322E+02
 0.18479305E+05  0.23005499E+02
 0.18488938E+05  0.22997553E+02
 0.18498571E+05  0.23003061E+02
 0.18508204E+05  0.23002065E+02
 0.18517837E+05  0.23000676E+02
 0.18527470E+05  0.23003382E+02
 0.18537103E+05  0.23001304E+02
 0.18546736E+05  0.23006908E+02
 0.18556369E+05  0.23013225E+02
 0.18566002E+05  0.23017695E+02
 0.18575635E+05  0.23010771E+02
 0.18585268E+05  0.23009688E+02
 0.18594901E+05  0.23008030E+02
 0.18604534E+05  0.23003223E+02
 0.18614167E+05  0.23005085E+02
 0.18623800E+05  0.22999790E+02
 0.18633433E+05  0.22997832E+02
 0.18643066E+05  0.22996837E+02
 0.18652699E+05  0.22996384E+02
 0.18662332E+05  0.22995038E+02
 0.18671965E+05  0.22998244E+02
 0.18681598E+05  0.22998360E+02
 0.18691231E+05  0.22995356E+02
 0.18700864E+05  0.22994239E+02
 0.18710497E+05  0.22994287E+02
 0.18720130E+05  0.22992476E+02
 0.18729763E+05  0.22993908E+02
 0.18739396E+05  0.22993260E+02
 0.18749029E+05  0.22991630E+02
 0.18758662E+05  0.22992985E+02
 0.18768295E+05  0.22997425E+02
 0.18777928E+05  0.22996749E+02
 0.18787561E+05  0.23001379E+02
 0.18797194E+05  0.23005590E+02
 0.18806827E+05  0.23010674E+02
 0.18816460E+05  0.23009160E+02
 0.18826093E+05  0.23001515E+02
 0.18835726E+05  0.23006636E+02
 0.18845359E+05  0.23004999E+02
 0.18854992E+05  0.23006456E+02
 0.18864625E+05  0.23021547E+02
 0.18874258E+05  0.23017513E+02
 0.18883891E+05  0.23014465E+02
 0.18893524E+05  0.23020681E+02
 0.18903157E+05  0.23033972E+02
 0.18912790E+05  0.23086551E+02
 0.18922423E+05  0.23055245E+02
 0.18932056E+05  0.23073349E+02
 0.18941689E+05  0.23050382E+02
 0.18951322E+05  0.23031798E+02
 0.18960955E+05  0.23019742E+02
 0.18970588E+05  0.23018865E+02
 0.18980221E+05  0.23019479E+02
 0.18989854E+05  0.23021893E+02
 0.18999487E+05  0.23024812E+02
 0.19009120E+05  0.23028926E+02
 0.19018753E+05  0.23025930E+02
 0.19028386E+05  0.23019360E+02
 0.19038019E+05  0.23016133E+02
 0.19047652E+05  0.23017981E+02
 0.19057285E+05  0.23016208E+02
 0.19066918E+05  0.23012710E+02
 0.19076551E+05  0.23024205E+02
 0.19086184E+05  0.23028815E+02
 0.19095817E+05  0.23027278E+02
 0.19105450E+05  0.23023711E+02
 0.19115083E+05  0.23016155E+02
 0.19124716E+05  0.23022178E+02
 0.19134349E+05  0.23025309E+02
 0.19143982E+05  0.23015367E+02
 0.19153615E+05  0.23016047E+02
 0.19163248E+05  0.23023463E+02
 0.19172881E+05  0.23016874E+02
 0.19182514E+05  0.23016933E+02
 0.19192147E+05  0.23023621E+02
 0.19201780E+05  0.23019920E+02
 0.19211413E+05  0.23015392E+02
 0.19221046E+05  0.23016308E+02
 0.19230679E+05  0.23014186E+02
 0.19240312E+05  0.23015453E+02
 0.19249945E+05  0.23010660E+02
 0.19259578E+05  0.23012096E+02
 0.19269211E+05  0.23013303E+02
 0.19278844E+05  0.23016351E+02
 0.19288477E+05  0.23016825E+02
 0.19298110E+05  0.23015177E+02
 0.19307743E+05  0.23014679E+02
 0.19317376E+05  0.23012453E+02
 0.19327009E+05  0.23014790E+02
 0.19336642E+05  0.23012853E+02
 0.19346275E+05  0.23012462E+02
 0.19355908E+05  0.23008286E+02
 0.19365541E+05  0.23009598E+02
 0.19375174E+05  0.23009883E+02
 0.19384807E+05  0.23011037E+02
 0.19394440E+05  0.23012970E+02
 0.19404073E+05  0.23020258E+02
 0.19413706E+05  0.23008832E+02
 0.19423339E+05  0.23006027E+02
 0.19432972E+05  0.23010794E+02
 0.19442605E+05  0.23010613E+02
 0.19452238E+05  0.23012787E+02
 0.19461871E+05  0.23014238E+02
 0.19471504E+05  0.23019833E+02
 0.19481137E+05  0.23020138E+02
 0.19490770E+05  0.23013536E+02
 0.19500403E+05  0.23012675E+02
 0.19510036E+05  0.23014706E+02
 0.19519669E+05  0.23014730E+02
 0.19529302E+05  0.23015584E+02
 0.19538935E+05  0.23014641E+02
 0.19548568E+05  0.23014356E+02
 0.19558201E+05  0.23015068E+02
 0.19567834E+05  0.23014073E+02
 0.19577467E+05  0.23010385E+02
 0.19587100E+05  0.23011926E+02
 0.19596733E+05  0.23022336E+02
 0.19606366E+05  0.23011989E+02
 0.19615999E+05  0.23007752E+02
 0.19625632E+05  0.23012610E+02
 0.19635265E+05  0.23012194E+02
 0.19644898E+05  0.23011715E+02
 0.19654531E+05  0.23023590E+02
 0.19664164E+05  0.23018242E+02
 0.19673797E+05  0.23010871E+02
 0.19683430E+05  0.23009451E+02
 0.19693063E+05  0.23006932E+02
 0.19702696E+05  0.23024923E+02
 0.19712329E+05  0.23018684E+02
 0.19721962E+05  0.23025597E+02
 0.19731595E+05  0.23016873E+02
 0.19741228E+05  0.23023413E+02
 0.19750861E+05  0.23024899E+02
 0.19760494E+05  0.23022904E+02
 0.19770127E+05  0.23031925E+02
 0.19779760E+05  0.23033282E+02
 0.19789393E+05  0.23042828E+02
 0.19799026E+05  0.23030973E+02
 0.19808659E+05  0.23033716E+02
 0.19818292E+05  0.23030515E+02
 0.19827925E+05  0.23026170E+02
 0.19837558E+05  0.23025811E+02
 0.19847191E+05  0.23025440E+02
 0.19856824E+05  0.23024583E+02
 0.19866457E+05  0.23027891E+02
 0.19876090E+05  0.23034066E+02
 0.19885723E+05  0.23032745E+02
 0.19895356E+05  0.23026324E+02
 0.19904989E+05  0.23028882E+02
 0.19914622E+05  0.23026313E+02
 0.19924255E+05  0.23022214E+02
 0.19933888E+05  0.23022681E+02
 0.19943521E+05  0.23024048E+02
 0.19953154E+05  0.23030806E+02
 0.19962787E+05  0.23029908E+02
 0.19972420E+05  0.23033961E+02
 0.19982053E+05  0.23028655E+02
 0.19991686E+05  0.23031763E+02
 0.20001319E+05  0.23037994E+02
 0.20010952E+05  0.23040268E+02
 0.20020585E+05  0.23031267E+02
 0.20030218E+05  0.23040313E+02
 0.20039851E+05  0.23035956E+02
 0.20049484E+05  0.23040762E+02
 0.20059117E+05  0.23043557E+02
 0.20068750E+05  0.23031351E+02
 0.20078383E+05  0.23038401E+02
 0.20088016E+05  0.23034680E+02
 0.20097649E+05  0.23032691E+02
 0.20107282E+05  0.23027484E+02
 0.20116915E+05  0.23029981E+02
 0.20126548E+05  0.23028237E+02
 0.20136181E+05  0.23030852E+02
 0.20145814E+05  0.23037727E+02
 0.20155447E+05  0.23076161E+02
 0.20165080E+05  0.23079198E+02
 0.20174713E+05  0.23055411E+02
 0.20184346E+05  0.23045231E+02
 0.20193979E+05  0.23044815E+02
 0.20203612E+05  0.23046180E+02
 0.20213245E+05  0.23047196E+02
 0.20222878E+05  0.23050250E+02
 0.20232511E+05  0.23048708E+02
 0.20242144E+05  0.23040917E+02
 0.20251777E+05  0.23039687E+02
 0.20261410E+05  0.23035737E+02
 0.20271043E+05  0.23032836E+02
 0.20280676E+05  0.23036120E+02
 0.20290309E+05  0.23035842E+02
 0.20299942E+05  0.23028977E+02
 0.20309575E+05  0.23025479E+02
 0.20319208E+05  0.23024852E+02
 0.20328841E+05  0.23025297E+02
 0.20338474E+05  0.23028645E+02
 0.20348107E+05  0.23028727E+02
 0.20357740E+05  0.23025039E+02
 0.20367373E+05  0.23026901E+02
 0.20377006E+05  0.23042989E+02
 0.20386639E+05  0.23031109E+02
 0.20396272E+05  0.23021507E+02
 0.20405905E+05  0.23022519E+02
 0.20415538E+05  0.23023389E+02
 0.20425171E+05  0.23023262E+02
 0.20434804E+05  0.23025517E+02
 0.20444437E+05  0.23026698E+02
 0.20454070E+05  0.23038747E+02
 0.20463703E+05  0.23035647E+02
 0.20473336E+05  0.23026338E+02
 0.20482969E+05  0.23028234E+02
 0.20492602E+05  0.23031645E+02
 0.20502235E+05  0.23029715E+02
 0.20511868E+05  0.23025992E+02
 0.20521501E+05  0.23028623E+02
 0.20531134E+05  0.23031811E+02
 0.20540767E+05  0.23025735E+02
 0.20550400E+05  0.23032969E+02
 0.20560033E+05  0.23022974E+02
 0.20569666E+05  0.23024836E+02
 0.20579299E+05  0.23028685E+02
 0.20588932E+05  0.23025536E+02
 0.20598565E+05  0.23026544E+02
 0.20608198E+05  0.23024875E+02
 0.20617831E+05  0.23029844E+02
 0.20627464E+05  0.23021927E+02
 0.20637097E+05  0.23019692E+02
 0.20646730E+05  0.23027864E+02
 0.20656363E+05  0.23027484E+02
 0.20665996E+05  0.23024423E+02
 0.20675629E+05  0.23037843E+02
 0.20685262E+05  0.23025603E+02
 0.20694895E+05  0.23023040E+02
 0.20704528E+05  0.23027081E+02
 0.20714161E+05  0.23034696E+02
 0.20723794E+05  0.23031592E+02
 0.20733427E+05  0.23037754E+02
 0.20743060E+05  0.23027344E+02
 0.20752693E+05  0.23039979E+02
 0.20762326E+05  0.23030270E+02
 0.20771959E+05  0.23029285E+02
 0.20781592E+05  0.23035739E+02
 0.20791225E+05  0.23040218E+02
 0.20800858E+05  0.23038932E+02
 0.20810491E+05  0.23041660E+02
 0.20820124E+05  0.23041349E+02
 0.20829757E+05  0.23037913E+02
 0.20839390E+05  0.23036026E+02
 0.20849023E+05  0.23055044E+02
 0.20858656E+05  0.23061862E+02
 0.20868289E+05  0.23043517E+02
 0.20877922E+05  0.23028746E+02
 0.20887555E+05  0.23024590E+02
 0.20897188E+05  0.23025263E+02
 0.20906821E+05  0.23028286E+02
 0.20916454E+05  0.23034257E+02
 0.20926087E+05  0.23046511E+02
 0.20935720E+05  0.23037193E+02
 0.20945353E+05  0.23030366E+02
 0.20954986E+05  0.23032240E+02
 0.20964619E+05  0.23032971E+02
 0.20974252E+05  0.23039976E+02
 0.20983885E+05  0.23042282E+02
 0.20993518E+05  0.23040708E+02
 0.21003151E+05  0.23047477E+02
 0.21012784E+05  0.23069068E+02
 0.21022417E+05  0.23084424E+02
 0.21024000E+05  0.23086958E+02
 0.21025000E+05  0.23088558E+02
 0.21026000E+05  0.23090159E+02
 0.21027000E+05  0.23091760E+02
 0.21028000E+05  0.23093360E+02
 0.21029000E+05  0.23094961E+02
 0.21030000E+05  0.23096561E+02
 0.21031000E+05  0.23098162E+02
 0.21032000E+05  0.23099763E+02
 0.21032050E+05  0.23099843E+02
 0.21033000E+05  0.23102951E+02
 0.21034000E+05  0.23106223E+02
 0.21035000E+05  0.23109496E+02
 0.21036000E+05  0.23112768E+02
 0.21037000E+05  0.23116040E+02
 0.21038000E+05  0.23119312E+02
 0.21039000E+05  0.23122584E+02
 0.21040000E+05  0.23125856E+02
 0.21041000E+05  0.23129129E+02
 0.21041683E+05  0.23131363E+02
 0.21042000E+05  0.23133133E+02
 0.21043000E+05  0.23138714E+02
 0.21044000E+05  0.23144295E+02
 0.21045000E+05  0.23149876E+02
 0.21046000E+05  0.23155457E+02
 0.21047000E+05  0.23161039E+02
 0.21048000E+05  0.23166620E+02
 0.21049000E+05  0.23172201E+02
 0.21050000E+05  0.23177782E+02
 0.21051000E+05  0.23183363E+02
 0.21051316E+05  0.23185127E+02
 0.21052000E+05  0.23191814E+02
 0.21053000E+05  0.23201591E+02
 0.21054000E+05  0.23211363E+02
 0.21055000E+05  0.23221119E+02
 0.21056000E+05  0.23230800E+02
 0.21057000E+05  0.23240191E+02
 0.21058000E+05  0.23248536E+02
 0.21059000E+05  0.23253441E+02
 0.21060000E+05  0.23248102E+02
 0.21060949E+05  0.23217214E+02
 0.21061000E+05  0.23216367E+02
 0.21062000E+05  0.23135981E+02
 0.21063000E+05  0.22937901E+02
 0.21064000E+05  0.22584054E+02
 0.21065000E+05  0.22095815E+02
 0.21066000E+05  0.21541826E+02
 0.21067000E+05  0.20988831E+02
 0.21068000E+05  0.20479371E+02
 0.21069000E+05  0.20035897E+02
 0.21070000E+05  0.19669475E+02
 0.21070582E+05  0.19495329E+02
 0.21071000E+05  0.19385120E+02
 0.21072000E+05  0.19185578E+02
 0.21073000E+05  0.19072625E+02
 0.21074000E+05  0.19046713E+02
 0.21075000E+05  0.19107881E+02
 0.21076000E+05  0.19255774E+02
 0.21077000E+05  0.19489489E+02
 0.21078000E+05  0.19807165E+02
 0.21079000E+05  0.20205078E+02
 0.21080000E+05  0.20675714E+02
 0.21080215E+05  0.20769571E+02
 0.21081000E+05  0.21203877E+02
 0.21082000E+05  0.21759660E+02
 0.21083000E+05  0.22290548E+02
 0.21084000E+05  0.22726172E+02
 0.21085000E+05  0.23014731E+02
 0.21086000E+05  0.23162889E+02
 0.21087000E+05  0.23219479E+02
 0.21088000E+05  0.23230970E+02
 0.21089000E+05  0.23224116E+02
 0.21089848E+05  0.23212774E+02
 0.21090000E+05  0.23212147E+02
 0.21091000E+05  0.23205976E+02
 0.21092000E+05  0.23199201E+02
 0.21093000E+05  0.23192264E+02
 0.21094000E+05  0.23185287E+02
 0.21095000E+05  0.23178301E+02
 0.21096000E+05  0.23171313E+02
 0.21097000E+05  0.23164324E+02
 0.21098000E+05  0.23157336E+02
 0.21099000E+05  0.23150347E+02
 0.21099481E+05  0.23146986E+02
 0.21100000E+05  0.23145373E+02
 0.21101000E+05  0.23142265E+02
 0.21102000E+05  0.23139158E+02
 0.21103000E+05  0.23136050E+02
 0.21104000E+05  0.23132942E+02
 0.21105000E+05  0.23129834E+02
 0.21106000E+05  0.23126727E+02
 0.21107000E+05  0.23123619E+02
 0.21108000E+05  0.23120511E+02
 0.21109000E+05  0.23117404E+02
 0.21109114E+05  0.23117049E+02
 0.21110000E+05  0.23114277E+02
 0.21111000E+05  0.23111147E+02
 0.21112000E+05  0.23108018E+02
 0.21113000E+05  0.23104889E+02
 0.21114000E+05  0.23101759E+02
 0.21115000E+05  0.23098630E+02
 0.21116000E+05  0.23095500E+02
 0.21117000E+05  0.23092371E+02
 0.21118000E+05  0.23089241E+02
 0.21118747E+05  0.23086904E+02
 0.21119000E+05  0.23086410E+02
 0.21120000E+05  0.23084459E+02
 0.21121000E+05  0.23082508E+02
 0.21122000E+05  0.23080557E+02
 0.21123000E+05  0.23078606E+02
 0.21124000E+05  0.23076655E+02
 0.21128380E+05  0.23068109E+02
 0.21138013E+05  0.23057916E+02
 0.21147646E+05  0.23050395E+02
 0.21157279E+05  0.23042024E+02
 0.21166912E+05  0.23044730E+02
 0.21176545E+05  0.23039709E+02
 0.21186178E+05  0.23038266E+02
 0.21195811E+05  0.23036263E+02
 0.21205444E+05  0.23037089E+02
 0.21215077E+05  0.23038417E+02
 0.21224710E+05  0.23037917E+02
 0.21234343E+05  0.23037881E+02
 0.21243976E+05  0.23036592E+02
 0.21253609E+05  0.23036472E+02
 0.21263242E+05  0.23035895E+02
 0.21272875E+05  0.23037669E+02
 0.21282508E+05  0.23039642E+02
 0.21292141E+05  0.23039577E+02
 0.21301774E+05  0.23038542E+02
 0.21311407E+05  0.23036412E+02
 0.21321040E+05  0.23038423E+02
 0.21330673E+05  0.23040375E+02
 0.21340306E+05  0.23035971E+02
 0.21349939E+05  0.23035969E+02
 0.21359572E+05  0.23037672E+02
 0.21369205E+05  0.23038613E+02
 0.21378838E+05  0.23040611E+02
 0.21388471E+05  0.23040869E+02
 0.21398104E+05  0.23042711E+02
 0.21407737E+05  0.23038531E+02
 0.21417370E+05  0.23039175E+02
 0.21427003E+05  0.23039555E+02
 0.21436636E+05  0.23047566E+02
 0.21446269E+05  0.23052586E+02
 0.21455902E+05  0.23045677E+02
 0.21465535E+05  0.23043767E+02
 0.21475168E+05  0.23042065E+02
 0.21484801E+05  0.23044167E+02
 0.21494434E+05  0.23040078E+02
 0.21504067E+05  0.23043055E+02
 0.21513700E+05  0.23041253E+02
 0.21523333E+05  0.23039848E+02
 0.21532966E+05  0.23040550E+02
 0.21542599E+05  0.23039465E+02
 0.21552232E+05  0.23038540E+02
 0.21561865E+05  0.23042380E+02
 0.21571498E+05  0.23048851E+02
 0.21581131E+05  0.23045162E+02
 0.21590764E+05  0.23041923E+02
 0.21600397E+05  0.23040777E+02
 0.21610030E+05  0.23040743E+02
 0.21619663E+05  0.23041576E+02
 0.21629296E+05  0.23040837E+02
 0.21638929E+05  0.23040626E+02
 0.21648562E+05  0.23043345E+02
 0.21658195E+05  0.23043885E+02
 0.21667828E+05  0.23049023E+02
 0.21677461E+05  0.23049912E+02
 0.21687094E+05  0.23044014E+02
 0.21696727E+05  0.23045469E+02
 0.21706360E+05  0.23043751E+02
 0.21715993E+05  0.23043471E+02
 0.21725626E+05  0.23043163E+02
 0.21735259E+05  0.23043766E+02
 0.21744892E+05  0.23043032E+02
 0.21754525E+05  0.23040268E+02
 0.21764158E+05  0.23039659E+02
 0.21773791E+05  0.23040182E+02
 0.21783424E+05  0.23044750E+02
 0.21793057E+05  0.23044677E+02
 0.21802690E+05  0.23043815E+02
 0.21812323E+05  0.23044482E+02
 0.21821956E+05  0.23044192E+02
 0.21831589E+05  0.23047402E+02
 0.21841222E+05  0.23041672E+02
 0.21850855E+05  0.23042635E+02
 0.21860488E+05  0.23042073E+02
 0.21870121E+05  0.23040984E+02
 0.21879754E+05  0.23040349E+02
 0.21889387E+05  0.23042418E+02
 0.21899020E+05  0.23043905E+02
 0.21908653E+05  0.23041293E+02
 0.21918286E+05  0.23042671E+02
 0.21927919E+05  0.23041076E+02
 0.21937552E+05  0.23042152E+02
 0.21947185E+05  0.23040540E+02
 0.21956818E+05  0.23041143E+02
 0.21966451E+05  0.23046301E+02
 0.21976084E+05  0.23043386E+02
 0.21985717E+05  0.23043969E+02
 0.21995350E+05  0.23043185E+02
 0.22004983E+05  0.23044157E+02
 0.22014616E+05  0.23047402E+02
 0.22024249E+05  0.23051652E+02
 0.22033882E+05  0.23051201E+02
 0.22043515E+05  0.23050858E+02
 0.22053148E+05  0.23050283E+02
 0.22062781E+05  0.23052713E+02
 0.22072414E+05  0.23051203E+02
 0.22082047E+05  0.23052396E+02
 0.22091680E+05  0.23049287E+02
 0.22101313E+05  0.23053944E+02
 0.22110946E+05  0.23055540E+02
 0.22120579E+05  0.23051906E+02
 0.22130212E+05  0.23050688E+02
 0.22139845E+05  0.23049443E+02
 0.22149478E+05  0.23050707E+02
 0.22159111E+05  0.23051591E+02
 0.22168744E+05  0.23051816E+02
 0.22178377E+05  0.23049291E+02
 0.22188010E+05  0.23049183E+02
 0.22197643E+05  0.23048811E+02
 0.22207276E+05  0.23051309E+02
 0.22216909E+05  0.23053353E+02
 0.22226542E+05  0.23050394E+02
 0.22236175E+05  0.23047176E+02
 0.22245808E+05  0.23046466E+02
 0.22255441E+05  0.23043136E+02
 0.22265074E+05  0.23044435E+02
 0.22274707E+05  0.23043806E+02
 0.22284340E+05  0.23044134E+02
 0.22293973E+05  0.23040791E+02
 0.22303606E+05  0.23042307E+02
 0.22313239E+05  0.23040950E+02
 0.22322872E+05  0.23061924E+02
 0.22332505E+05  0.23062062E+02
 0.22342138E+05  0.23065437E+02
 0.22351771E+05  0.23056606E+02
 0.22361404E+05  0.23053338E+02
 0.22371037E+05  0.23043383E+02
 0.22380670E+05  0.23040259E+02
 0.22390303E+05  0.23041720E+02
 0.22399936E+05  0.23043205E+02
 0.22409569E+05  0.23047390E+02
 0.22419202E+05  0.23043769E+02
 0.22428835E+05  0.23047843E+02
 0.22438468E+05  0.23055638E+02
 0.22448101E+05  0.23055594E+02
 0.22457734E+05  0.23054401E+02
 0.22467367E+05  0.23055746E+02
 0.22477000E+05  0.23055943E+02
 0.22486633E+05  0.23053370E+02
 0.22496266E+05  0.23058080E+02
 0.22505899E+05  0.23048374E+02
 0.22515532E+05  0.23044699E+02
 0.22525165E+05  0.23048621E+02
 0.22534798E+05  0.23050782E+02
 0.22544431E+05  0.23038964E+02
 0.22554064E+05  0.23044340E+02
 0.22563697E+05  0.23047067E+02
 0.22573330E+05  0.23043625E+02
 0.22582963E+05  0.23028969E+02
 0.22592596E+05  0.23026151E+02
 0.22602229E+05  0.23031718E+02
 0.22611862E+05  0.23027204E+02
 0.22621495E+05  0.23018489E+02
 0.22631128E+05  0.23021577E+02
 0.22640761E+05  0.23024401E+02
 0.22650394E+05  0.23031575E+02
 0.22660027E+05  0.23035757E+02
 0.22669660E+05  0.23034729E+02
 0.22679293E+05  0.23039282E+02
 0.22688926E+05  0.23038994E+02
 0.22698559E+05  0.23031407E+02
 0.22708192E+05  0.23025004E+02
 0.22717825E+05  0.23028710E+02
 0.22727458E+05  0.23026808E+02
 0.22737091E+05  0.23029056E+02
 0.22746724E+05  0.23026408E+02
 0.22756357E+05  0.23025457E+02
 0.22765990E+05  0.23037717E+02
 0.22775623E+05  0.23033573E+02
 0.22785256E+05  0.23034625E+02
 0.22794889E+05  0.23032679E+02
 0.22804522E+05  0.23031430E+02
 0.22814155E+05  0.23033620E+02
 0.22823788E+05  0.23029523E+02
 0.22833421E+05  0.23027191E+02
 0.22843054E+05  0.23027462E+02
 0.22852687E+05  0.23027234E+02
 0.22862320E+05  0.23026365E+02
 0.22871953E+05  0.23024189E+02
 0.22881586E+05  0.23030017E+02
 0.22891219E+05  0.23036386E+02
 0.22900852E+05  0.23036636E+02
 0.22910485E+05  0.23033873E+02
 0.22920118E+05  0.23032417E+02
 0.22929751E+05  0.23034336E+02
 0.22939384E+05  0.23035653E+02
 0.22949017E+05  0.23042869E+02
 0.22958650E+05  0.23042284E+02
 0.22968283E+05  0.23035325E+02
 0.22977916E+05  0.23032099E+02
 0.22987549E+05  0.23036151E+02
 0.22997182E+05  0.23044235E+02
 0.23006815E+05  0.23061308E+02
 0.23016448E+05  0.23081671E+02
 0.23026081E+05  0.23098013E+02
 0.23035714E+05  0.23109655E+02
 0.23045347E+05  0.23114839E+02
 0.23054980E+05  0.23119015E+02
 0.23064613E+05  0.23114834E+02
 0.23074246E+05  0.23137690E+02
 0.23083879E+05  0.23136880E+02
 0.23093512E+05  0.23103399E+02
 0.23103145E+05  0.23120056E+02
 0.23112778E+05  0.23107147E+02
 0.23122411E+05  0.23128045E+02
 0.23132044E+05  0.23124553E+02
 0.23141677E+05  0.23099991E+02
 0.23151310E+05  0.23058498E+02
 0.23160943E+05  0.23043387E+02
 0.23170576E+05  0.23035260E+02
 0.23180209E+05  0.23039349E+02
 0.23189842E+05  0.23035949E+02
 0.23199475E+05  0.23043148E+02
 0.23209108E+05  0.23040597E+02
 0.23218741E+05  0.23066933E+02
 0.23228374E+05  0.23093871E+02
 0.23238007E+05  0.23096822E+02
 0.23247640E+05  0.23074929E+02
 0.23257273E+05  0.23099896E+02
 0.23266906E+05  0.23079290E+02
 0.23276539E+05  0.23069923E+02
 0.23286172E+05  0.23084423E+02
 0.23295805E+05  0.23090250E+02
 0.23305438E+05  0.23053178E+02
 0.23315071E+05  0.23073235E+02
 0.23324704E+05  0.23080386E+02
 0.23334337E+05  0.23069670E+02
 0.23343970E+05  0.23048109E+02
 0.23353603E+05  0.23074508E+02
 0.23363236E+05  0.23097339E+02
 0.23372869E+05  0.23088232E+02
 0.23382502E+05  0.23049713E+02
 0.23392135E+05  0.23042860E+02
 0.23401768E+05  0.23060128E+02
 0.23411401E+05  0.23082463E+02
 0.23421034E+05  0.23069886E+02
 0.23430667E+05  0.23047323E+02
 0.23440300E+05  0.23050300E+02
 0.23449933E+05  0.23070683E+02
 0.23459566E+05  0.23072313E+02
 0.23469199E+05  0.23051792E+02
 0.23478832E+05  0.23061787E+02
 0.23488465E+05  0.23048564E+02
 0.23498098E+05  0.23048834E+02
 0.23507731E+05  0.23045011E+02
 0.23517364E+05  0.23026071E+02
 0.23526997E+05  0.23029570E+02
 0.23536630E+05  0.23029966E+02
 0.23546263E+05  0.23029319E+02
 0.23555896E+05  0.23027618E+02
 0.23565529E+05  0.23013269E+02
 0.23575162E+05  0.23012281E+02
 0.23584795E+05  0.23022455E+02
 0.23594428E+05  0.23024437E+02
 0.23604061E+05  0.23026604E+02
 0.23613694E+05  0.23022178E+02
 0.23623327E+05  0.23026946E+02
 0.23632960E+05  0.23026290E+02
 0.23642593E+05  0.23024995E+02
 0.23652226E+05  0.23024853E+02
 0.23661859E+05  0.23022045E+02
 0.23671492E+05  0.23020167E+02
 0.23681125E+05  0.23012492E+02
 0.23690758E+05  0.23015799E+02
 0.23700391E+05  0.23018317E+02
 0.23710024E+05  0.23021991E+02
 0.23719657E+05  0.23023547E+02
 0.23729290E+05  0.23026639E+02
 0.23738923E+05  0.23030063E+02
 0.23748556E+05  0.23016213E+02
 0.23758189E+05  0.23019339E+02
 0.23767822E+05  0.23017363E+02
 0.23777455E+05  0.23016161E+02
 0.23787088E+05  0.23014933E+02
 0.23796721E+05  0.23020748E+02
 0.23806354E+05  0.23018225E+02
 0.23815987E+05  0.23017291E+02
 0.23825620E+05  0.23017267E+02
 0.23835253E+05  0.23024454E+02
 0.23844886E+05  0.23015911E+02
 0.23854519E+05  0.23011592E+02
 0.23864152E+05  0.23011899E+02
 0.23873785E+05  0.23010581E+02
 0.23883418E+05  0.23015105E+02
 0.23893051E+05  0.23016566E+02
 0.23902684E+05  0.23021015E+02
 0.23912317E+05  0.23018219E+02
 0.23921950E+05  0.23013948E+02
 0.23931583E+05  0.23010113E+02
 0.23941216E+05  0.23009068E+02
 0.23950849E+05  0.23014859E+02
 0.23960482E+05  0.23024011E+02
 0.23970115E+05  0.23019141E+02
 0.23979748E+05  0.23019572E+02
 0.23989381E+05  0.23015185E+02
 0.23999014E+05  0.23011435E+02
 0.24008647E+05  0.23009244E+02
 0.24018280E+05  0.23009149E+02
 0.24027913E+05  0.23009275E+02
 0.24037546E+05  0.23006379E+02
 0.24047179E+05  0.23011094E+02
 0.24056812E+05  0.23014094E+02
 0.24066445E+05  0.23020926E+02
 0.24076078E+05  0.23016296E+02
 0.24085711E+05  0.23013290E+02
 0.24095344E+05  0.23012395E+02
 0.24104977E+05  0.23010291E+02
 0.24114610E+05  0.23014188E+02
 0.24124243E+05  0.23013221E+02
 0.24133876E+05  0.23010858E+02
 0.24143509E+05  0.23005542E+02
 0.24153142E+05  0.23007867E+02
 0.24162775E+05  0.23008008E+02
 0.24172408E+05  0.23004862E+02
 0.24182041E+05  0.23012107E+02
 0.24191674E+05  0.23006379E+02
 0.24201307E+05  0.23007743E+02
 0.24210940E+05  0.23007243E+02
 0.24220573E+05  0.23007469E+02
 0.24230206E+05  0.23004618E+02
 0.24239839E+05  0.23004624E+02
 0.24249472E+05  0.23015573E+02
 0.24259105E+05  0.23016025E+02
 0.24268738E+05  0.23018371E+02
 0.24278371E+05  0.23016465E+02
 0.24288004E+05  0.23014775E+02
 0.24297637E+05  0.23015361E+02
 0.24307270E+05  0.23015834E+02
 0.24316903E+05  0.23011579E+02
 0.24326536E+05  0.23010111E+02
 0.24336169E+05  0.23011033E+02
 0.24345802E+05  0.23010902E+02
 0.24355435E+05  0.23015921E+02
 0.24365068E+05  0.23021390E+02
 0.24374701E+05  0.23025934E+02
 0.24384334E+05  0.23026442E+02
 0.24393967E+05  0.23029846E+02
 0.24403600E+05  0.23031225E+02
 0.24413233E+05  0.23037055E+02
 0.24422866E+05  0.23039862E+02
 0.24432499E+05  0.23039844E+02
 0.24442132E+05  0.23035777E+02
 0.24451765E+05  0.23034476E+02
 0.24461398E+05  0.23042560E+02
 0.24471031E+05  0.23038909E+02
 0.24480664E+05  0.23036945E+02
 0.24490297E+05  0.23033636E+02
 0.24499930E+05  0.23038079E+02
 0.24509563E+05  0.23034211E+02
 0.24519196E+05  0.23032016E+02
 0.24528829E+05  0.23032108E+02
 0.24538462E+05  0.23033513E+02
 0.24548095E+05  0.23028363E+02
 0.24557728E+05  0.23031349E+02
 0.24567361E+05  0.23033694E+02
 0.24576994E+05  0.23030601E+02
 0.24586627E+05  0.23036474E+02
 0.24596260E+05  0.23033337E+02
 0.24605893E+05  0.23044201E+02
 0.24615526E+05  0.23065024E+02
 0.24625159E+05  0.23053480E+02
 0.24634792E+05  0.23041340E+02
 0.24644425E+05  0.23042014E+02
 0.24654058E+05  0.23039798E+02
 0.24663691E+05  0.23041415E+02
 0.24673324E+05  0.23041299E+02
 0.24682957E+05  0.23039203E+02
 0.24692590E+05  0.23038084E+02
 0.24702223E+05  0.23039556E+02
 0.24711856E+05  0.23037576E+02
 0.24721489E+05  0.23052479E+02
 0.24731122E+05  0.23056881E+02
 0.24740755E+05  0.23041004E+02
 0.24750388E+05  0.23038986E+02
 0.24760021E+05  0.23040373E+02
 0.24769654E+05  0.23040860E+02
 0.24779287E+05  0.23041890E+02
 0.24788920E+05  0.23036723E+02
 0.24798553E+05  0.23037958E+02
 0.24808186E+05  0.23038649E+02
 0.24817819E+05  0.23034461E+02
 0.24827452E+05  0.23035556E+02
 0.24837085E+05  0.23032309E+02
 0.24846718E+05  0.23034168E+02
 0.24856351E+05  0.23036369E+02
 0.24865984E+05  0.23038412E+02
 0.24875617E+05  0.23041038E+02
 0.24885250E+05  0.23043843E+02
 0.24894883E+05  0.23038441E+02
 0.24904516E+05  0.23036241E+02
 0.24914149E+05  0.23036960E+02
 0.24923782E+05  0.23039003E+02
 0.24933415E+05  0.23040383E+02
 0.24943048E+05  0.23048419E+02
 0.24952681E+05  0.23082823E+02
 0.24962314E+05  0.23097438E+02
 0.24971947E+05  0.23057751E+02
 0.24981580E+05  0.23045026E+02
 0.24991213E+05  0.23041286E+02
 0.25000846E+05  0.23042147E+02
 0.25010479E+05  0.23040733E+02
 0.25020112E+05  0.23041343E+02
 0.25029745E+05  0.23038177E+02
 0.25039378E+05  0.23040304E+02
 0.25049011E+05  0.23041000E+02
 0.25058644E+05  0.23035442E+02
 0.25068277E+05  0.23036771E+02
 0.25077910E+05  0.23033825E+02
 0.25087543E+05  0.23033706E+02
 0.25097176E+05  0.23027135E+02
 0.25106809E+05  0.23028045E+02
 0.25116442E+05  0.23029137E+02
 0.25126075E+05  0.23028883E+02
 0.25135708E+05  0.23029480E+02
 0.25145341E+05  0.23034703E+02
 0.25154974E+05  0.23030127E+02
 0.25164607E+05  0.23025662E+02
 0.25174240E+05  0.23026449E+02
 0.25183873E+05  0.23023673E+02
 0.25193506E+05  0.23022229E+02
 0.25203139E+05  0.23023317E+02
 0.25212772E+05  0.23019347E+02
 0.25222405E+05  0.23016356E+02
 0.25232038E+05  0.23015123E+02
 0.25241671E+05  0.23019005E+02
 0.25251304E+05  0.23024046E+02
 0.25260937E+05  0.23024032E+02
 0.25270570E+05  0.23024327E+02
 0.25280203E+05  0.23021256E+02
 0.25289836E+05  0.23026092E+02
 0.25299469E+05  0.23018727E+02
 0.25309102E+05  0.23016413E+02
 0.25318735E+05  0.23022958E+02
 0.25328368E+05  0.23027149E+02
 0.25338001E+05  0.23029267E+02
 0.25347634E+05  0.23036658E+02
 0.25357267E+05  0.23036028E+02
 0.25366900E+05  0.23031112E+02
 0.25376533E+05  0.23035394E+02
 0.25386166E+05  0.23026473E+02
 0.25395799E+05  0.23035649E+02
 0.25405432E+05  0.23038325E+02
 0.25415065E+05  0.23034184E+02
 0.25424698E+05  0.23034014E+02
 0.25434331E+05  0.23032687E+02
 0.25443964E+05  0.23027947E+02
 0.25453597E+05  0.23030416E+02
 0.25463230E+05  0.23033311E+02
 0.25472863E+05  0.23024018E+02
 0.25482496E+05  0.23026840E+02
 0.25492129E+05  0.23031778E+02
 0.25501762E+05  0.23034785E+02
 0.25511395E+05  0.23040002E+02
 0.25521028E+05  0.23035168E+02
 0.25530661E+05  0.23035339E+02
 0.25540294E+05  0.23032347E+02
 0.25549927E+05  0.23036218E+02
 0.25559560E+05  0.23041577E+02
 0.25569193E+05  0.23044520E+02
 0.25578826E+05  0.23038084E+02
 0.25588459E+05  0.23032205E+02
 0.25598092E+05  0.23025859E+02
 0.25607725E+05  0.23028320E+02
 0.25617358E+05  0.23029760E+02
 0.25626991E+05  0.23030026E+02
 0.25636624E+05  0.23030391E+02
 0.25646257E+05  0.23031046E+02
 0.25655890E+05  0.23023504E+02
 0.25665523E+05  0.23023623E+02
 0.25675156E+05  0.23026433E+02
 0.25684789E+05  0.23030950E+02
 0.25694422E+05  0.23027364E+02
 0.25704055E+05  0.23022955E+02
 0.25713688E+05  0.23025823E+02
 0.25723321E+05  0.23025663E+02
 0.25732954E+05  0.23024290E+02
 0.25742587E+05  0.23018648E+02
 0.25752220E+05  0.23021421E+02
 0.25761853E+05  0.23026815E+02
 0.25771486E+05  0.23030053E+02
 0.25781119E+05  0.23025763E+02
 0.25790752E+05  0.23018422E+02
 0.25800385E+05  0.23018935E+02
 0.25810018E+05  0.23015088E+02
 0.25819651E+05  0.23020050E+02
 0.25829284E+05  0.23024082E+02
 0.25838917E+05  0.23028490E+02
 0.25848550E+05  0.23015727E+02
 0.25858183E+05  0.23013489E+02
 0.25867816E+05  0.23011994E+02
 0.25877449E+05  0.23013128E+02
 0.25887082E+05  0.23016601E+02
 0.25896715E+05  0.23019686E+02
 0.25906348E+05  0.23020810E+02
 0.25915981E+05  0.23024046E+02
 0.25925614E+05  0.23024210E+02
 0.25935247E+05  0.23024392E+02
 0.25944880E+05  0.23023107E+02
 0.25954513E+05  0.23026749E+02
 0.25964146E+05  0.23029904E+02
 0.25973779E+05  0.23023013E+02
 0.25983412E+05  0.23024663E+02
 0.25993045E+05  0.23027676E+02
 0.26002678E+05  0.23031902E+02
 0.26012311E+05  0.23019281E+02
 0.26021944E+05  0.23015481E+02
 0.26031577E+05  0.23022428E+02
 0.26041210E+05  0.23023602E+02
 0.26050843E+05  0.23029252E+02
 0.26060476E+05  0.23030046E+02
 0.26070109E+05  0.23028254E+02
 0.26079742E+05  0.23028997E+02
 0.26089375E+05  0.23027388E+02
 0.26099008E+05  0.23027770E+02
 0.26108641E+05  0.23039074E+02
 0.26118274E+05  0.23055967E+02
 0.26127907E+05  0.23041017E+02
 0.26137540E+05  0.23043564E+02
 0.26147173E+05  0.23048140E+02
 0.26156806E+05  0.23049094E+02
 0.26166439E+05  0.23061883E+02
 0.26176072E+05  0.23063553E+02
 0.26185705E+05  0.23069537E+02
 0.26195338E+05  0.23059382E+02
 0.26204971E+05  0.23094236E+02
 0.26214604E+05  0.23111332E+02
 0.26224237E+05  0.23073420E+02
 0.26233870E+05  0.23067019E+02
 0.26243503E+05  0.23043942E+02
 0.26253136E+05  0.23072571E+02
 0.26262769E+05  0.23093214E+02
 0.26272402E+05  0.23068101E+02
 0.26282035E+05  0.23070281E+02
 0.26291668E+05  0.23077863E+02
 0.26301301E+05  0.23060875E+02
 0.26310934E+05  0.23075437E+02
 0.26320567E+05  0.23085594E+02
 0.26330200E+05  0.23074691E+02
 0.26339833E+05  0.23027313E+02
 0.26349466E+05  0.23011727E+02
 0.26359099E+05  0.23016190E+02
 0.26368732E+05  0.23030376E+02
 0.26378365E+05  0.23026205E+02
 0.26387998E+05  0.23037929E+02
 0.26397631E+05  0.23061803E+02
 0.26407264E+05  0.23088530E+02
 0.26416897E+05  0.23151638E+02
 0.26426530E+05  0.23163478E+02
 0.26436163E+05  0.23097398E+02
 0.26445796E+05  0.23048063E+02
 0.26455429E+05  0.23035348E+02
 0.26465062E+05  0.23042543E+02
 0.26474695E+05  0.23029729E+02
 0.26484328E+05  0.23010627E+02
 0.26493961E+05  0.23009945E+02
 0.26503594E+05  0.23032200E+02
 0.26513227E+05  0.23043872E+02
 0.26522860E+05  0.23027170E+02
 0.26532493E+05  0.23019581E+02
 0.26542126E+05  0.23011784E+02
 0.26551759E+05  0.23016743E+02
 0.26561392E+05  0.23046609E+02
 0.26571025E+05  0.23071693E+02
 0.26580658E+05  0.23058168E+02
 0.26590291E+05  0.23058891E+02
 0.26599924E+05  0.23044348E+02
 0.26609557E+05  0.23051784E+02
 0.26619190E+05  0.23061439E+02
 0.26628823E+05  0.23046625E+02
 0.26638456E+05  0.23048133E+02
 0.26648089E+05  0.23033337E+02
 0.26657722E+05  0.23043820E+02
 0.26667355E+05  0.23055482E+02
 0.26676988E+05  0.23029474E+02
 0.26686621E+05  0.23027406E+02
 0.26696254E+05  0.23034879E+02
 0.26705887E+05  0.23045048E+02
 0.26715520E+05  0.23053291E+02
 0.26725153E+05  0.23041932E+02
 0.26734786E+05  0.23023731E+02
 0.26744419E+05  0.23034193E+02
 0.26754052E+05  0.23039725E+02
 0.26763685E+05  0.23033586E+02
 0.26773318E+05  0.23031264E+02
 0.26782951E+05  0.23025795E+02
 0.26792584E+05  0.23011920E+02
 0.26802217E+05  0.23011177E+02
 0.26811850E+05  0.23015384E+02
 0.26821483E+05  0.23011969E+02
 0.26831116E+05  0.23021897E+02
 0.26840749E+05  0.23020748E+02
 0.26850382E+05  0.23013182E+02
 0.26860015E+05  0.23015381E+02
 0.26869648E+05  0.23011857E+02
 0.26879281E+05  0.23025408E+02
 0.26888914E+05  0.23038004E+02
 0.26898547E+05  0.23038828E+02
 0.26908180E+05  0.23023197E+02
 0.26917813E+05  0.23025633E+02
 0.26927446E+05  0.23034310E+02
 0.26937079E+05  0.23041507E+02
 0.26946712E+05  0.23035435E+02
 0.26956345E+05  0.23028018E+02
 0.26965978E+05  0.23024122E+02
 0.26975611E+05  0.23013620E+02
 0.26985244E+05  0.23012177E+02
 0.26994877E+05  0.23020598E+02
 0.27004510E+05  0.23036821E+02
 0.27014143E+05  0.23042974E+02
 0.27023776E+05  0.23027848E+02
 0.27033409E+05  0.23008462E+02
 0.27043042E+05  0.23002991E+02
 0.27052675E+05  0.23012588E+02
 0.27062308E+05  0.23013542E+02
 0.27071941E+05  0.23012676E+02
 0.27081574E+05  0.23043924E+02
 0.27091207E+05  0.23068818E+02
 0.27100840E+05  0.23048392E+02
 0.27110473E+05  0.23036450E+02
 0.27120106E+05  0.23054853E+02
 0.27129739E+05  0.23018965E+02
 0.27139372E+05  0.23009802E+02
 0.27149005E+05  0.23002892E+02
 0.27158638E+05  0.23013760E+02
 0.27168271E+05  0.23023556E+02
 0.27177904E+05  0.23047520E+02
 0.27187537E+05  0.23076608E+02
 0.27197170E+05  0.23050599E+02
 0.27206803E+05  0.23019681E+02
 0.27216436E+05  0.23004079E+02
 0.27226069E+05  0.22994973E+02
 0.27235702E+05  0.22993284E+02
 0.27245335E+05  0.22990577E+02
 0.27254968E+05  0.22997337E+02
 0.27264601E+05  0.23006371E+02
 0.27274234E+05  0.23024177E+02
 0.27283867E+05  0.23136166E+02
 0.27293500E+05  0.23114107E+02
 0.27303133E+05  0.23076355E+02
 0.27312766E+05  0.23037132E+02
 0.27322399E+05  0.23013894E+02
 0.27332032E+05  0.23004510E+02
 0.27341665E+05  0.23001382E+02
 0.27351298E+05  0.22986875E+02
 0.27360931E+05  0.22985319E+02
 0.27370564E+05  0.22982905E+02
 0.27380197E+05  0.22985204E+02
 0.27389830E+05  0.22990146E+02
 0.27399463E+05  0.22999939E+02
 0.27409096E+05  0.23026293E+02
 0.27418729E+05  0.23107439E+02
 0.27428362E+05  0.23280465E+02
 0.27437995E+05  0.23155866E+02
 0.27447628E+05  0.23074420E+02
 0.27457261E+05  0.23032966E+02
 0.27466894E+05  0.23012093E+02
 0.27476527E+05  0.22998930E+02
 0.27486160E+05  0.22986733E+02
 0.27495793E+05  0.22983969E+02
 0.27505426E+05  0.22978652E+02
 0.27515059E+05  0.22978940E+02
 0.27524692E+05  0.22977552E+02
 0.27534325E+05  0.22981362E+02
 0.27543958E+05  0.22979279E+02
 0.27553591E+05  0.22984058E+02
 0.27563224E+05  0.22998423E+02
 0.27572857E+05  0.23009709E+02
 0.27582490E+05  0.23026857E+02
 0.27592123E+05  0.23055868E+02
 0.27601756E+05  0.23096420E+02
 0.27611389E+05  0.23107371E+02
 0.27621022E+05  0.23062374E+02
 0.27630655E+05  0.23032633E+02
 0.27640288E+05  0.23014242E+02
 0.27649921E+05  0.23006146E+02
 0.27659554E+05  0.22995324E+02
 0.27669187E+05  0.22985337E+02
 0.27678820E+05  0.22986754E+02
 0.27688453E+05  0.22973902E+02
 0.27698086E+05  0.22975501E+02
 0.27707719E+05  0.22973373E+02
 0.27717352E+05  0.22970935E+02
 0.27726985E+05  0.22973098E+02
 0.27736618E+05  0.22978113E+02
 0.27746251E+05  0.22979122E+02
 0.27755884E+05  0.22989109E+02
 0.27765517E+05  0.22998537E+02
 0.27775150E+05  0.23009547E+02
 0.27784783E+05  0.23025865E+02
 0.27794416E+05  0.23056957E+02
 0.27804049E+05  0.23127794E+02
 0.27813682E+05  0.23319091E+02
 0.27823315E+05  0.23207802E+02
 0.27832948E+05  0.23112691E+02
 0.27842581E+05  0.23070422E+02
 0.27852214E+05  0.23054613E+02
 0.27861847E+05  0.23042520E+02
 0.27871480E+05  0.23033455E+02
 0.27881113E+05  0.23022369E+02
 0.27890746E+05  0.23023124E+02
 0.27900379E+05  0.23019678E+02
 0.27910012E+05  0.23001503E+02
 0.27919645E+05  0.22990246E+02
 0.27929278E+05  0.22988087E+02
 0.27938911E+05  0.22984582E+02
 0.27948544E+05  0.22980534E+02
 0.27958177E+05  0.22973622E+02
 0.27967810E+05  0.22968594E+02
 0.27977443E+05  0.22967230E+02
 0.27987076E+05  0.22964886E+02
 0.27996709E+05  0.22973620E+02
 0.28006342E+05  0.22969756E+02
 0.28015975E+05  0.22972135E+02
 0.28025608E+05  0.22978647E+02
 0.28035241E+05  0.22986660E+02
 0.28044874E+05  0.23004487E+02
 0.28054507E+05  0.23014110E+02
 0.28064140E+05  0.23029199E+02
 0.28073773E+05  0.23055120E+02
 0.28083406E+05  0.23093167E+02
 0.28093039E+05  0.23156522E+02
 0.28102672E+05  0.23143301E+02
 0.28112305E+05  0.23087259E+02
 0.28121938E+05  0.23054222E+02
 0.28131571E+05  0.23027741E+02
 0.28141204E+05  0.23011124E+02
 0.28150837E+05  0.22998972E+02
 0.28160470E+05  0.22989944E+02
 0.28170103E+05  0.22993449E+02
 0.28179736E+05  0.22982818E+02
 0.28189369E+05  0.22983636E+02
 0.28199002E+05  0.22979373E+02
 0.28208635E+05  0.22973082E+02
 0.28218268E+05  0.22973163E+02
 0.28227901E+05  0.22975275E+02
 0.28237534E+05  0.22971435E+02
 0.28247167E+05  0.22969880E+02
 0.28256800E+05  0.22974071E+02
 0.28266433E+05  0.22984730E+02
 0.28276066E+05  0.23021954E+02
 0.28285699E+05  0.23000625E+02
 0.28295332E+05  0.22989832E+02
 0.28304965E+05  0.22979815E+02
 0.28314598E+05  0.22982193E+02
 0.28324231E+05  0.22986267E+02
 0.28333864E+05  0.22999406E+02
 0.28343497E+05  0.22989051E+02
 0.28353130E+05  0.22985479E+02
 0.28362763E+05  0.22988474E+02
 0.28372396E+05  0.22995581E+02
 0.28382029E+05  0.23007727E+02
 0.28391662E+05  0.23006391E+02
 0.28401295E+05  0.23019667E+02
 0.28410928E+05  0.23032978E+02
 0.28420561E+05  0.23034900E+02
 0.28430194E+05  0.23063267E+02
 0.28439827E+05  0.23098829E+02
 0.28449460E+05  0.23160895E+02
 0.28459093E+05  0.23183611E+02
 0.28468726E+05  0.23122080E+02
 0.28478359E+05  0.23080319E+02
 0.28487992E+05  0.23056650E+02
 0.28497625E+05  0.23036907E+02
 0.28507258E+05  0.23028431E+02
 0.28516891E+05  0.23021557E+02
 0.28526524E+05  0.23005601E+02
 0.28536157E+05  0.22987594E+02
 0.28545790E+05  0.22998629E+02
 0.28555423E+05  0.22989196E+02
 0.28565056E+05  0.22986550E+02
 0.28574689E+05  0.22981677E+02
 0.28584322E+05  0.22975675E+02
 0.28593955E+05  0.22972249E+02
 0.28603588E+05  0.22975170E+02
 0.28613221E+05  0.22988454E+02
 0.28622854E+05  0.22981219E+02
 0.28632487E+05  0.22973946E+02
 0.28642120E+05  0.22974041E+02
 0.28651753E+05  0.22966533E+02
 0.28661386E+05  0.22988213E+02
 0.28671019E+05  0.22983764E+02
 0.28680652E+05  0.22978008E+02
 0.28690285E+05  0.22970363E+02
 0.28699918E+05  0.22962104E+02
 0.28709551E+05  0.22973336E+02
 0.28719184E+05  0.22982686E+02
 0.28728817E+05  0.22996935E+02
 0.28738450E+05  0.22992489E+02
 0.28748083E+05  0.23020845E+02
 0.28757716E+05  0.23019786E+02
 0.28767349E+05  0.22990980E+02
 0.28776982E+05  0.23036487E+02
 0.28786615E+05  0.23064669E+02
 0.28796248E+05  0.23033515E+02
 0.28805881E+05  0.23036092E+02
 0.28815514E+05  0.23048378E+02
 0.28825147E+05  0.23023590E+02
 0.28834780E+05  0.23041079E+02
 0.28844413E+05  0.23043883E+02
 0.28854046E+05  0.23105925E+02
 0.28863679E+05  0.23196824E+02
 0.28873312E+05  0.23153036E+02
 0.28882945E+05  0.23027729E+02
 0.28892578E+05  0.23055603E+02
 0.28902211E+05  0.23140703E+02
 0.28911844E+05  0.23130044E+02
 0.28921477E+05  0.23126224E+02
 0.28931110E+05  0.23168540E+02
 0.28940743E+05  0.23234503E+02
 0.28950376E+05  0.23221026E+02
 0.28960009E+05  0.23146180E+02
 0.28969642E+05  0.23098690E+02
 0.28979275E+05  0.23094961E+02
 0.28988908E+05  0.23042748E+02
 0.28998541E+05  0.22991211E+02
 0.29008174E+05  0.22960529E+02
 0.29017807E+05  0.22941340E+02
 0.29027440E+05  0.22948867E+02
 0.29037073E+05  0.22963588E+02
 0.29046706E+05  0.22930348E+02
 0.29056339E+05  0.22931637E+02
 0.29065972E+05  0.22949115E+02
 0.29075605E+05  0.22942497E+02
 0.29085238E+05  0.22939844E+02
 0.29094871E+05  0.22998156E+02
 0.29104504E+05  0.22988108E+02
 0.29114137E+05  0.22982161E+02
 0.29123770E+05  0.23033524E+02
 0.29133403E+05  0.23025146E+02
 0.29143036E+05  0.22979631E+02
 0.29152669E+05  0.23020683E+02
 0.29162302E+05  0.23027476E+02
 0.29171935E+05  0.22995606E+02
 0.29181568E+05  0.23044408E+02
 0.29191201E+05  0.22999377E+02
 0.29200834E+05  0.23014004E+02
 0.29210467E+05  0.23000300E+02
 0.29220100E+05  0.23033761E+02
 0.29229733E+05  0.22983270E+02
 0.29239366E+05  0.23016669E+02
 0.29248999E+05  0.22998641E+02
 0.29258632E+05  0.22956020E+02
 0.29268265E+05  0.22978566E+02
 0.29277898E+05  0.23047242E+02
 0.29287531E+05  0.22985973E+02
 0.29297164E+05  0.22960604E+02
 0.29306797E+05  0.23014822E+02
 0.29316430E+05  0.23084249E+02
 0.29326063E+05  0.23053301E+02
 0.29335696E+05  0.23080976E+02
 0.29345329E+05  0.22997908E+02
 0.29354962E+05  0.22978854E+02
 0.29364595E+05  0.22987798E+02
 0.29374228E+05  0.23001688E+02
 0.29383861E+05  0.23060772E+02
 0.29393494E+05  0.23112760E+02
 0.29403127E+05  0.23042037E+02
 0.29412760E+05  0.22977561E+02
 0.29422393E+05  0.22975006E+02
 0.29432026E+05  0.22990421E+02
 0.29441659E+05  0.23024549E+02
 0.29451292E+05  0.23054299E+02
 0.29460925E+05  0.23102149E+02
 0.29470558E+05  0.23025983E+02
 0.29480191E+05  0.22982961E+02
 0.29489824E+05  0.23002365E+02
 0.29499457E+05  0.22986392E+02
 0.29509090E+05  0.22960373E+02
 0.29518723E+05  0.22988687E+02
 0.29528356E+05  0.23011583E+02
 0.29537989E+05  0.22970913E+02
 0.29547622E+05  0.22961344E+02
 0.29557255E+05  0.22979397E+02
 0.29566888E+05  0.23004351E+02
 0.29576521E+05  0.23022517E+02
 0.29586154E+05  0.23048464E+02
 0.29595787E+05  0.23064312E+02
 0.29605420E+05  0.23058701E+02
 0.29615053E+05  0.23085655E+02
 0.29624686E+05  0.23142183E+02
 0.29634319E+05  0.23157155E+02
 0.29643952E+05  0.23091585E+02
 0.29653585E+05  0.23064064E+02
 0.29663218E+05  0.23046940E+02
 0.29672851E+05  0.23021296E+02
 0.29682484E+05  0.23015358E+02
 0.29692117E+05  0.23005660E+02
 0.29701750E+05  0.22983877E+02
 0.29711383E+05  0.22974827E+02
 0.29721016E+05  0.22968054E+02
 0.29730649E+05  0.22979305E+02
 0.29740282E+05  0.22996586E+02
 0.29749915E+05  0.22953042E+02
 0.29759548E+05  0.22935074E+02
 0.29769181E+05  0.22940129E+02
 0.29778814E+05  0.22949558E+02
 0.29788447E+05  0.22988933E+02
 0.29798080E+05  0.23019063E+02
 0.29807713E+05  0.22992490E+02
 0.29817346E+05  0.23019814E+02
 0.29826979E+05  0.22998080E+02
 0.29836612E+05  0.23003389E+02
 0.29846245E+05  0.23054946E+02
 0.29855878E+05  0.23082454E+02
 0.29894410E+05  0.23020872E+02
 0.30087070E+05  0.23022388E+02
 0.30279730E+05  0.23024176E+02
 0.30472390E+05  0.23038551E+02
 0.30665050E+05  0.23182388E+02
 0.30857710E+05  0.23045099E+02
 0.31050370E+05  0.23047685E+02
 0.31243030E+05  0.23054192E+02
 0.31435690E+05  0.23062200E+02
 0.31628350E+05  0.23064750E+02
 0.31821010E+05  0.23072561E+02
 0.32013670E+05  0.23076311E+02
 0.32350825E+05  0.23146431E+02
 0.32832475E+05  0.23109542E+02
 0.33314125E+05  0.23119967E+02
 0.33795775E+05  0.23140004E+02
 0.34277425E+05  0.23155123E+02
 0.34759075E+05  0.23171028E+02
 0.35240725E+05  0.23218601E+02
 0.35722375E+05  0.23201271E+02
 0.36204025E+05  0.23212237E+02
 0.36685675E+05  0.23238727E+02
 0.37167325E+05  0.23237513E+02
 0.37648975E+05  0.23259719E+02
 0.38130625E+05  0.23269145E+02
 0.38612275E+05  0.23279029E+02
 0.39093925E+05  0.23295637E+02
 0.39575575E+05  0.23306753E+02
 0.40057225E+05  0.23317755E+02
 0.40538875E+05  0.23313780E+02
 0.41020525E+05  0.23343070E+02
 0.41502175E+05  0.23328268E+02
 0.41983825E+05  0.23339373E+02
 0.42465475E+05  0.23344801E+02
 0.42947125E+05  0.23358269E+02
 0.43428775E+05  0.23348119E+02
 0.43910425E+05  0.23353975E+02
 0.44392075E+05  0.23357955E+02
 0.44873725E+05  0.23368412E+02
 0.45355375E+05  0.23388519E+02
 0.45837025E+05  0.23370722E+02
 0.46318675E+05  0.23383447E+02
 0.46784270E+05  0.23388918E+02
 0.47281975E+05  0.23391635E+02
 0.47763625E+05  0.23384392E+02
 0.48245275E+05  0.23400900E+02
 0.48726925E+05  0.23390891E+02
 0.49208575E+05  0.23397167E+02
 0.49690225E+05  0.23383825E+02
 0.50171875E+05  0.23373029E+02
 0.50653525E+05  0.23394231E+02
 0.51135175E+05  0.23386686E+02
 0.51857650E+05  0.23399810E+02
 0.52820950E+05  0.23410357E+02
 0.53784250E+05  0.23395884E+02
 0.54747550E+05  0.23417315E+02
 0.55710850E+05  0.23471196E+02
 0.56674150E+05  0.23462043E+02
 0.57637450E+05  0.23514310E+02
 0.58600750E+05  0.23547994E+02
 0.59564050E+05  0.23529186E+02
 0.60527350E+05  0.23561006E+02
 0.61490650E+05  0.23578646E+02
 0.62453950E+05  0.23643832E+02
 0.63417250E+05  0.23625387E+02
 0.64380550E+05  0.23650369E+02
 0.65343850E+05  0.23666739E+02
 0.66307150E+05  0.23707692E+02
 0.67270450E+05  0.23721248E+02
 0.68233750E+05  0.23733291E+02
 0.69197050E+05  0.23758143E+02
 0.70160350E+05  0.23795820E+02
 0.71123650E+05  0.23820023E+02
 0.72086950E+05  0.23822946E+02
 0.73050250E+05  0.23858970E+02
 0.74013550E+05  0.23869783E+02
 0.74976850E+05  0.23875824E+02
 0.75940150E+05  0.23926942E+02
 0.76903450E+05  0.23928314E+02
 0.77866750E+05  0.23999132E+02
 0.78830050E+05  0.24013237E+02
 0.79793350E+05  0.24046966E+02
 0.80756650E+05  0.24080794E+02
 0.81719950E+05  0.24085906E+02
 0.82683250E+05  0.24087591E+02
 0.83646550E+05  0.24086928E+02
 0.84609850E+05  0.24081759E+02
 0.85573150E+05  0.24086148E+02
 0.86536450E+05  0.24121264E+02
 0.87499750E+05  0.24099592E+02
 0.88463050E+05  0.24135862E+02
 0.89426350E+05  0.24119412E+02
 0.90389650E+05  0.24145539E+02
 0.91352950E+05  0.24228427E+02
 0.92316250E+05  0.24212792E+02
 0.93279550E+05  0.24207653E+02
 0.94242850E+05  0.24270010E+02
 0.95206150E+05  0.24317850E+02
 0.96169450E+05  0.24353811E+02
 0.97132750E+05  0.24378274E+02
 0.98096050E+05  0.24395102E+02
 0.99059350E+05  0.24404429E+02
 0.10002265E+06  0.24414666E+02
 0.10098595E+06  0.24439754E+02
 0.10194925E+06  0.24462948E+02
 0.10307310E+06  0.24465530E+02
 0.10499970E+06  0.24478287E+02
 0.10692630E+06  0.24493991E+02
 0.10885290E+06  0.24491003E+02
 0.11077950E+06  0.24482867E+02
 0.11270610E+06  0.24511379E+02
 0.11463270E+06  0.24546418E+02
 0.11655930E+06  0.24603871E+02
 0.11848590E+06  0.24645732E+02
 0.12041250E+06  0.24714557E+02
 0.12233910E+06  0.24745440E+02
 0.12426570E+06  0.24771230E+02
 0.12619230E+06  0.24793841E+02
 0.12811890E+06  0.24804693E+02
 0.13004550E+06  0.24832537E+02
 0.13197210E+06  0.24820082E+02
 0.13389870E+06  0.24861829E+02
 0.13582530E+06  0.24854721E+02
 0.13775190E+06  0.24888543E+02
 0.13967850E+06  0.24967583E+02
 0.14160510E+06  0.25007470E+02
 0.14353170E+06  0.25034327E+02
 0.14545830E+06  0.25066902E+02
 0.14738490E+06  0.25134778E+02
 0.14931150E+06  0.25143609E+02
 0.15123810E+06  0.25177711E+02
 0.15316470E+06  0.25175294E+02
 0.15509130E+06  0.25207730E+02
 0.15701790E+06  0.25225515E+02
 0.15894450E+06  0.25271561E+02
 0.16087110E+06  0.25286915E+02
 0.16279770E+06  0.25328430E+02
 0.16472430E+06  0.25335957E+02
 0.16665090E+06  0.25343531E+02
 0.16857750E+06  0.25364787E+02
 0.17050410E+06  0.25379584E+02
 0.17243070E+06  0.25405117E+02
 0.17435730E+06  0.25417401E+02
 0.17628390E+06  0.25430377E+02
 0.17821050E+06  0.25450745E+02
 0.18013710E+06  0.25458908E+02
 0.18206370E+06  0.25482937E+02
 0.18399030E+06  0.25501928E+02
 0.18591690E+06  0.25515241E+02
 0.18784350E+06  0.25524424E+02
 0.18977010E+06  0.25553236E+02
 0.19169670E+06  0.25567111E+02
 0.19362330E+06  0.25585456E+02
 0.19554990E+06  0.25594400E+02
 0.19747650E+06  0.25619256E+02
 0.19940310E+06  0.25649013E+02
 0.20132970E+06  0.25664107E+02
 0.20325630E+06  0.25689503E+02
 0.20518290E+06  0.25700322E+02
 0.20871500E+06  0.25742370E+02
 0.21256820E+06  0.25791604E+02
 0.21642140E+06  0.25815199E+02
 0.22027460E+06  0.25850217E+02
 0.22412780E+06  0.25903215E+02
 0.22798100E+06  0.25929986E+02
 0.23183420E+06  0.25954492E+02
 0.23568740E+06  0.25985436E+02
 0.23954060E+06  0.26017951E+02
 0.24339380E+06  0.26055449E+02
 0.24724700E+06  0.26083749E+02
 0.25110020E+06  0.26111226E+02
 0.25495340E+06  0.26135485E+02
 0.25880660E+06  0.26163549E+02