#  wl flux error bpmap
3.309073e+03 -4.207692e-19 1.193538e-18   0.000000
3.315074e+03 9.908056e-20 1.228041e-18   0.000000
3.321075e+03 2.390253e-18 1.133025e-18   0.000000
3.327077e+03 3.106627e-19 1.111798e-18   0.000000
3.333078e+03 4.136496e-19 1.031548e-18   0.000000
3.339079e+03 7.085459e-19 9.559016e-19   0.000000
3.345080e+03 1.498998e-18 8.347655e-19   0.000000
3.351081e+03 9.488086e-19 8.312682e-19   0.000000
3.357082e+03 1.045497e-18 7.720944e-19   0.000000
3.363084e+03 6.577122e-19 7.310608e-19   0.000000
3.369085e+03 2.183250e-18 8.162004e-19   0.000000
3.375086e+03 2.462643e-18 8.164453e-19   0.000000
3.381087e+03 2.293875e-18 7.046332e-19   0.000000
3.387089e+03 1.183876e-18 6.536611e-19   0.000000
3.393090e+03 9.850347e-19 6.270302e-19   0.000000
3.399091e+03 1.438655e-18 6.030718e-19   0.000000
3.405092e+03 6.925573e-19 5.841862e-19   0.000000
3.411093e+03 4.949399e-19 5.729192e-19   0.000000
3.417095e+03 1.652736e-18 6.135562e-19   0.000000
3.423096e+03 8.392424e-19 6.279811e-19   0.000000
3.429097e+03 1.980393e-18 6.552763e-19   0.000000
3.435098e+03 1.417019e-19 6.722928e-19   0.000000
3.441100e+03 5.991296e-19 7.326631e-19   0.000000
3.447101e+03 1.802563e-18 7.715996e-19   0.000000
3.453102e+03 1.554473e-18 8.287197e-19   0.000000
3.459103e+03 1.045909e-18 7.633876e-19   0.000000
3.465104e+03 2.530658e-18 7.765181e-19   0.000000
3.471105e+03 2.597757e-18 8.139222e-19   0.000000
3.477107e+03 5.837035e-19 7.987532e-19   0.000000
3.483108e+03 2.248150e-18 8.235811e-19   0.000000
3.489109e+03 1.055477e-18 6.964675e-19   0.000000
3.495110e+03 1.390137e-18 6.310437e-19   0.000000
3.501112e+03 1.572975e-18 5.798506e-19   0.000000
3.507113e+03 2.020219e-18 5.584435e-19   0.000000
3.513114e+03 1.837369e-18 5.391763e-19   0.000000
3.519115e+03 1.557479e-18 5.236064e-19   0.000000
3.525117e+03 9.743268e-19 4.615874e-19   0.000000
3.531118e+03 1.322491e-18 4.417800e-19   0.000000
3.537119e+03 1.014782e-18 4.262741e-19   0.000000
3.543120e+03 1.484075e-18 5.506028e-19   0.000000
3.549121e+03 1.877183e-18 5.087921e-19   0.000000
3.555123e+03 1.665957e-18 5.611180e-19   0.000000
3.561124e+03 1.409277e-18 4.634529e-19   0.000000
3.567125e+03 4.322212e-19 4.347093e-19   0.000000
3.573126e+03 6.900352e-19 4.051726e-19   0.000000
3.579128e+03 5.397669e-19 4.258313e-19   0.000000
3.585129e+03 8.854845e-19 3.987971e-19   0.000000
3.591130e+03 1.389628e-18 4.317062e-19   0.000000
3.597131e+03 1.719717e-18 4.320439e-19   0.000000
3.603132e+03 8.375798e-19 4.353572e-19   0.000000
3.609133e+03 5.667620e-19 4.435922e-19   0.000000
3.615135e+03 1.317598e-18 5.046827e-19   0.000000
3.621136e+03 1.464835e-18 5.206481e-19   0.000000
3.627137e+03 1.198018e-18 5.113864e-19   0.000000
3.633139e+03 -7.514912e-20 5.351163e-19   0.000000
3.639140e+03 4.693435e-19 5.281502e-19   0.000000
3.645141e+03 7.109476e-19 4.975947e-19   0.000000
3.651142e+03 4.411851e-19 4.864614e-19   0.000000
3.657143e+03 8.852931e-19 5.026694e-19   0.000000
3.663145e+03 1.817645e-18 4.852436e-19   0.000000
3.669146e+03 7.180729e-19 3.907246e-19   0.000000
3.675147e+03 2.333601e-19 3.826224e-19   0.000000
3.681148e+03 1.105554e-18 3.378858e-19   0.000000
3.687149e+03 8.140284e-19 3.220565e-19   0.000000
3.693151e+03 9.824320e-19 3.140609e-19   0.000000
3.699152e+03 1.448443e-18 3.264996e-19   0.000000
3.705153e+03 4.646539e-19 3.236235e-19   0.000000
3.711154e+03 7.876510e-19 3.023998e-19   0.000000
3.717156e+03 1.287895e-18 3.074105e-19   0.000000
3.723157e+03 9.311996e-19 2.681071e-19   0.000000
3.729158e+03 8.580819e-19 2.800412e-19   0.000000
3.735159e+03 8.765802e-19 3.110289e-19   0.000000
3.741160e+03 1.124139e-18 3.272111e-19   0.000000
3.747162e+03 8.836440e-19 2.873755e-19   0.000000
3.753163e+03 1.045359e-18 2.976827e-19   0.000000
3.759164e+03 1.050371e-18 2.963127e-19   0.000000
3.765166e+03 1.121040e-18 2.796018e-19   0.000000
3.771167e+03 5.453381e-19 2.867243e-19   0.000000
3.777168e+03 4.058095e-19 3.218782e-19   0.000000
3.783169e+03 1.661038e-18 3.089758e-19   0.000000
3.789170e+03 9.890271e-19 3.106157e-19   0.000000
3.795172e+03 7.213015e-19 3.288877e-19   0.000000
3.801173e+03 1.544977e-18 3.437381e-19   0.000000
3.807174e+03 8.768314e-19 3.469168e-19   0.000000
3.813175e+03 8.131749e-19 3.650592e-19   0.000000
3.819177e+03 1.123411e-18 3.440050e-19   0.000000
3.825178e+03 2.900037e-19 3.476965e-19   0.000000
3.831179e+03 8.068350e-19 3.895054e-19   0.000000
3.837180e+03 7.378941e-19 3.398331e-19   0.000000
3.843181e+03 1.326085e-18 3.236808e-19   0.000000
3.849183e+03 7.562897e-19 3.299569e-19   0.000000
3.855184e+03 1.116695e-18 3.195854e-19   0.000000
3.861185e+03 5.633072e-19 2.887041e-19   0.000000
3.867186e+03 1.113852e-18 2.784173e-19   0.000000
3.873188e+03 3.292304e-19 2.374762e-19   0.000000
3.879189e+03 9.780631e-19 2.328489e-19   0.000000
3.885190e+03 9.702428e-19 2.174918e-19   0.000000
3.891191e+03 7.176769e-19 2.258374e-19   0.000000
3.897193e+03 9.523915e-19 2.271705e-19   0.000000
3.903194e+03 1.248892e-18 2.192370e-19   0.000000
3.909195e+03 2.336307e-18 2.434190e-19   0.000000
3.915196e+03 9.776435e-19 2.265894e-19   0.000000
3.921198e+03 5.345137e-19 2.069331e-19   0.000000
3.927199e+03 7.727137e-19 2.073178e-19   0.000000
3.933200e+03 8.357556e-19 1.876019e-19   0.000000
3.939201e+03 1.011257e-18 2.085034e-19   0.000000
3.945203e+03 5.689421e-19 2.161109e-19   0.000000
3.951204e+03 1.124260e-18 2.142236e-19   0.000000
3.957205e+03 1.016505e-18 2.059926e-19   0.000000
3.963206e+03 5.931456e-19 2.005092e-19   0.000000
3.969207e+03 8.335768e-19 1.901338e-19   0.000000
3.975209e+03 7.479406e-19 2.128008e-19   0.000000
3.981210e+03 1.028708e-18 2.260441e-19   0.000000
3.987211e+03 1.069394e-18 2.393440e-19   0.000000
3.993212e+03 1.264107e-18 2.305787e-19   0.000000
3.999214e+03 9.430888e-19 2.337150e-19   0.000000
4.005215e+03 1.402896e-18 2.401561e-19   0.000000
4.011216e+03 7.629124e-19 2.608588e-19   0.000000
4.017217e+03 8.790867e-19 2.824788e-19   0.000000
4.023219e+03 1.289574e-18 2.530473e-19   0.000000
4.029220e+03 1.481389e-18 2.495576e-19   0.000000
4.035221e+03 1.324142e-18 2.594539e-19   0.000000
4.041222e+03 7.832857e-19 2.545736e-19   0.000000
4.047224e+03 4.508488e-19 2.509863e-19   0.000000
4.053225e+03 7.681706e-19 2.428322e-19   0.000000
4.059226e+03 1.125201e-18 2.313139e-19   0.000000
4.065227e+03 1.271348e-18 2.518061e-19   0.000000
4.071229e+03 1.547577e-18 2.544093e-19   0.000000
4.077230e+03 1.541074e-18 2.238203e-19   0.000000
4.083231e+03 1.299152e-18 2.178494e-19   0.000000
4.089232e+03 5.800457e-19 2.078006e-19   0.000000
4.095234e+03 1.403259e-18 1.995351e-19   0.000000
4.101235e+03 9.169019e-19 1.972558e-19   0.000000
4.107236e+03 9.852393e-19 1.836805e-19   0.000000
4.113237e+03 1.430086e-18 1.823729e-19   0.000000
4.119239e+03 1.158806e-18 1.804159e-19   0.000000
4.125240e+03 1.467565e-18 1.840480e-19   0.000000
4.131241e+03 1.205723e-18 1.822885e-19   0.000000
4.137242e+03 1.104196e-18 1.843366e-19   0.000000
4.143244e+03 1.261689e-18 1.732720e-19   0.000000
4.149245e+03 1.038342e-18 1.736053e-19   0.000000
4.155246e+03 1.012549e-18 1.800216e-19   0.000000
4.161247e+03 1.161131e-18 1.847501e-19   0.000000
4.167248e+03 8.251089e-19 1.991217e-19   0.000000
4.173250e+03 8.865387e-19 1.934733e-19   0.000000
4.179251e+03 8.350259e-19 1.995012e-19   0.000000
4.185252e+03 9.193004e-19 1.859741e-19   0.000000
4.191254e+03 1.069163e-18 1.859529e-19   0.000000
4.197255e+03 9.650935e-19 1.844595e-19   0.000000
4.203256e+03 9.556333e-19 1.865603e-19   0.000000
4.209257e+03 8.013670e-19 1.937174e-19   0.000000
4.215258e+03 1.447307e-18 1.943292e-19   0.000000
4.221260e+03 1.216188e-18 1.939485e-19   0.000000
4.227261e+03 9.167500e-19 1.919737e-19   0.000000
4.233262e+03 1.067386e-18 1.987412e-19   0.000000
4.239264e+03 7.777065e-19 1.982867e-19   0.000000
4.245265e+03 1.105700e-18 2.044901e-19   0.000000
4.251266e+03 9.834896e-19 2.081190e-19   0.000000
4.257267e+03 9.184632e-19 2.088166e-19   0.000000
4.263269e+03 7.495766e-19 2.034433e-19   0.000000
4.269270e+03 1.404975e-18 2.065511e-19   0.000000
4.275271e+03 6.702524e-19 1.999615e-19   0.000000
4.281272e+03 1.903541e-19 1.970352e-19   0.000000
4.287274e+03 7.286498e-19 2.077911e-19   0.000000
4.293275e+03 9.669949e-19 2.011457e-19   0.000000
4.299276e+03 1.273997e-18 1.915208e-19   0.000000
4.305277e+03 1.238164e-18 1.794532e-19   0.000000
4.311279e+03 1.057758e-18 1.793801e-19   0.000000
4.317280e+03 1.178884e-18 1.849595e-19   0.000000
4.323281e+03 1.145916e-18 1.694463e-19   0.000000
4.329282e+03 1.135537e-18 1.739489e-19   0.000000
4.335284e+03 1.133040e-18 1.619266e-19   0.000000
4.341285e+03 1.057939e-18 1.511970e-19   0.000000
4.347286e+03 9.570274e-19 1.545075e-19   0.000000
4.353287e+03 1.146351e-18 1.504004e-19   0.000000
4.359289e+03 9.820755e-19 1.517750e-19   0.000000
4.365290e+03 1.421998e-18 1.496679e-19   0.000000
4.371291e+03 1.124950e-18 1.472198e-19   0.000000
4.377292e+03 1.190609e-18 1.493299e-19   0.000000
4.383294e+03 1.279170e-18 1.445255e-19   0.000000
4.389295e+03 1.167247e-18 1.443322e-19   0.000000
4.395296e+03 7.183013e-19 1.462530e-19   0.000000
4.401297e+03 8.823227e-19 1.501500e-19   0.000000
4.407299e+03 1.296460e-18 1.619377e-19   0.000000
4.413300e+03 8.426293e-19 1.611862e-19   0.000000
4.419301e+03 1.256998e-18 1.664910e-19   0.000000
4.425302e+03 7.890341e-19 1.636321e-19   0.000000
4.431304e+03 9.207183e-19 1.623184e-19   0.000000
4.437305e+03 1.147510e-18 1.618604e-19   0.000000
4.443306e+03 9.348819e-19 1.636079e-19   0.000000
4.449307e+03 5.172435e-19 1.678704e-19   0.000000
4.455309e+03 1.170359e-18 1.644140e-19   0.000000
4.461310e+03 7.878912e-19 1.645939e-19   0.000000
4.467311e+03 1.086364e-18 1.703415e-19   0.000000
4.473312e+03 8.440380e-19 1.798177e-19   0.000000
4.479314e+03 9.756304e-19 1.727332e-19   0.000000
4.485315e+03 7.606918e-19 1.774696e-19   0.000000
4.491316e+03 9.498369e-19 1.866394e-19   0.000000
4.497318e+03 7.478488e-19 1.800624e-19   0.000000
4.503319e+03 6.825209e-19 1.805172e-19   0.000000
4.509320e+03 7.493117e-19 1.832215e-19   0.000000
4.515321e+03 7.088652e-19 1.821014e-19   0.000000
4.521323e+03 7.942010e-19 1.834798e-19   0.000000
4.527324e+03 8.169188e-19 1.831997e-19   0.000000
4.533325e+03 9.473386e-19 1.863932e-19   0.000000
4.539326e+03 8.669834e-19 2.067338e-19   0.000000
4.545328e+03 1.258563e-18 2.043140e-19   0.000000
4.551329e+03 1.045935e-18 1.916748e-19   0.000000
4.557330e+03 1.032869e-18 1.822566e-19   0.000000
4.563331e+03 1.303215e-18 1.744867e-19   0.000000
4.569333e+03 1.363765e-18 1.679966e-19   0.000000
4.575334e+03 1.190641e-18 1.611740e-19   0.000000
4.581335e+03 1.206518e-18 1.619669e-19   0.000000
4.587336e+03 1.041322e-18 1.549351e-19   0.000000
4.593338e+03 8.539559e-19 1.489266e-19   0.000000
4.599339e+03 1.373078e-18 1.442943e-19   0.000000
4.605340e+03 8.784464e-19 1.414636e-19   0.000000
4.611341e+03 8.869576e-19 1.414392e-19   0.000000
4.617343e+03 7.264520e-19 1.373346e-19   0.000000
4.623344e+03 8.319669e-19 1.359593e-19   0.000000
4.629345e+03 1.093427e-18 1.347748e-19   0.000000
4.635346e+03 8.533858e-19 1.326327e-19   0.000000
4.641348e+03 1.071016e-18 1.309664e-19   0.000000
4.647349e+03 1.007468e-18 1.272617e-19   0.000000
4.653350e+03 1.130722e-18 1.293596e-19   0.000000
4.659352e+03 1.171724e-18 1.359928e-19   0.000000
4.665353e+03 8.076021e-19 1.326195e-19   0.000000
4.671354e+03 8.343730e-19 1.326960e-19   0.000000
4.677355e+03 1.286824e-18 1.358327e-19   0.000000
4.683357e+03 1.225398e-18 1.354404e-19   0.000000
4.689358e+03 1.143581e-18 1.352723e-19   0.000000
4.695359e+03 1.073836e-18 1.353060e-19   0.000000
4.701360e+03 1.083315e-18 1.335571e-19   0.000000
4.707362e+03 1.051999e-18 1.365710e-19   0.000000
4.713363e+03 9.725825e-19 1.391846e-19   0.000000
4.719364e+03 7.501994e-19 1.410233e-19   0.000000
4.725365e+03 8.060078e-19 1.396675e-19   0.000000
4.731367e+03 1.373383e-18 1.393079e-19   0.000000
4.737368e+03 9.656779e-19 1.422237e-19   0.000000
4.743369e+03 1.092348e-18 1.432373e-19   0.000000
4.749370e+03 7.862164e-19 1.443691e-19   0.000000
4.755372e+03 7.119392e-19 1.447600e-19   0.000000
4.761373e+03 6.276861e-19 1.470164e-19   0.000000
4.767374e+03 6.931903e-19 1.474660e-19   0.000000
4.773376e+03 9.887734e-19 1.511061e-19   0.000000
4.779377e+03 6.872125e-19 1.599312e-19   0.000000
4.785378e+03 8.371442e-19 1.523675e-19   0.000000
4.791379e+03 8.628179e-19 1.538950e-19   0.000000
4.797381e+03 6.871349e-19 1.553145e-19   0.000000
4.803382e+03 7.584528e-19 1.557828e-19   0.000000
4.809383e+03 5.713592e-19 1.547350e-19   0.000000
4.815384e+03 7.364026e-19 1.682480e-19   0.000000
4.821386e+03 8.496005e-19 1.984495e-19   0.000000
4.827387e+03 1.407581e-18 2.142593e-19   0.000000
4.833388e+03 1.053884e-18 1.835143e-19   0.000000
4.839389e+03 1.103570e-18 1.753903e-19   0.000000
4.845391e+03 7.669337e-19 1.679429e-19   0.000000
4.851392e+03 7.957607e-19 1.580638e-19   0.000000
4.857393e+03 6.901906e-19 1.483892e-19   0.000000
4.863395e+03 1.105897e-18 1.460156e-19   0.000000
4.869396e+03 9.307421e-19 1.433165e-19   0.000000
4.875397e+03 9.910433e-19 1.441666e-19   0.000000
4.881398e+03 9.777964e-19 1.395754e-19   0.000000
4.887400e+03 8.798071e-19 1.359662e-19   0.000000
4.893401e+03 7.144057e-19 1.321920e-19   0.000000
4.899402e+03 4.993124e-19 1.352610e-19   0.000000
4.905403e+03 6.546797e-19 1.347125e-19   0.000000
4.911405e+03 9.739933e-19 1.240478e-19   0.000000
4.917406e+03 1.075377e-18 1.237240e-19   0.000000
4.923407e+03 9.722841e-19 1.197237e-19   0.000000
4.929408e+03 4.714233e-19 1.190533e-19   0.000000
4.935410e+03 8.254482e-19 1.249560e-19   0.000000
4.941411e+03 9.309385e-19 1.231066e-19   0.000000
4.947412e+03 4.153003e-19 1.154640e-19   0.000000
4.953414e+03 8.484869e-19 1.184821e-19   0.000000
4.959415e+03 8.566070e-19 1.137192e-19   0.000000
4.965416e+03 9.631794e-19 1.175105e-19   0.000000
4.971417e+03 1.563702e-19 1.319767e-19   0.000000
4.977419e+03 3.076768e-19 1.231797e-19   0.000000
4.983420e+03 8.866200e-19 1.141887e-19   0.000000
4.989421e+03 7.118097e-19 1.169355e-19   0.000000
4.995422e+03 9.516534e-19 1.200956e-19   0.000000
5.001424e+03 4.207413e-19 1.176089e-19   0.000000
5.007425e+03 9.079942e-19 1.202420e-19   0.000000
5.013426e+03 7.634260e-19 1.193185e-19   0.000000
5.019427e+03 7.439528e-19 1.219711e-19   0.000000
5.025429e+03 1.089877e-18 1.222899e-19   0.000000
5.031430e+03 9.030407e-19 1.248612e-19   0.000000
5.037431e+03 7.451462e-19 1.315182e-19   0.000000
5.043433e+03 8.496972e-19 1.261065e-19   0.000000
5.049434e+03 9.402739e-19 1.300602e-19   0.000000
5.055435e+03 8.767690e-19 1.323965e-19   0.000000
5.061436e+03 5.917933e-19 1.342235e-19   0.000000
5.067438e+03 6.343154e-19 1.283712e-19   0.000000
5.073439e+03 9.857437e-19 1.299974e-19   0.000000
5.079440e+03 5.082105e-19 1.294972e-19   0.000000
5.085441e+03 6.397465e-19 1.321844e-19   0.000000
5.091443e+03 9.788937e-19 1.341233e-19   0.000000
5.097444e+03 6.543599e-19 1.328939e-19   0.000000
5.103445e+03 9.863243e-19 1.351353e-19   0.000000
5.109447e+03 8.669100e-19 1.344337e-19   0.000000
5.115448e+03 4.510059e-19 1.435255e-19   0.000000
5.121449e+03 6.180805e-19 1.367601e-19   0.000000
5.127450e+03 8.837490e-19 1.360974e-19   0.000000
5.133452e+03 4.641168e-19 1.409035e-19   0.000000
5.139453e+03 4.258964e-19 1.615517e-19   0.000000
5.145454e+03 8.079513e-19 1.804871e-19   0.000000
5.151456e+03 7.657537e-19 1.719573e-19   0.000000
5.157457e+03 9.259323e-19 1.662657e-19   0.000000
5.163458e+03 6.010830e-19 1.594653e-19   0.000000
5.169459e+03 8.912474e-19 1.495248e-19   0.000000
5.175461e+03 6.325028e-19 1.443172e-19   0.000000
5.181462e+03 1.012780e-18 1.503675e-19   0.000000
5.187463e+03 7.145388e-19 1.389746e-19   0.000000
5.193464e+03 1.076357e-18 1.374168e-19   0.000000
5.199466e+03 7.450915e-19 1.420230e-19   0.000000
5.205467e+03 7.938307e-19 1.322727e-19   0.000000
5.211468e+03 1.106423e-18 1.273465e-19   0.000000
5.217470e+03 8.983705e-19 1.252527e-19   0.000000
5.223471e+03 9.669399e-19 1.276110e-19   0.000000
5.229472e+03 7.124721e-19 1.176592e-19   0.000000
5.235473e+03 6.263339e-19 1.181903e-19   0.000000
5.241475e+03 8.215928e-19 1.211365e-19   0.000000
5.247476e+03 7.475328e-19 1.140102e-19   0.000000
5.253477e+03 8.440889e-19 1.151109e-19   0.000000
5.259478e+03 5.832785e-19 1.174231e-19   0.000000
5.265480e+03 1.044053e-18 1.071184e-19   0.000000
5.271481e+03 8.378506e-19 1.084562e-19   0.000000
5.277482e+03 8.941904e-19 1.140078e-19   0.000000
5.283484e+03 8.436906e-19 1.081820e-19   0.000000
5.289485e+03 8.669903e-19 1.159644e-19   0.000000
5.295486e+03 7.121605e-19 1.100904e-19   0.000000
5.301487e+03 5.551869e-19 1.117627e-19   0.000000
5.307488e+03 7.019097e-19 1.122157e-19   0.000000
5.313490e+03 1.089748e-18 1.159589e-19   0.000000
5.319491e+03 7.864041e-19 1.122397e-19   0.000000
5.325492e+03 8.059480e-19 1.137024e-19   0.000000
5.331494e+03 9.708565e-19 1.190128e-19   0.000000
5.337495e+03 9.023675e-19 1.141147e-19   0.000000
5.343021e+03 9.635045e-19 1.116174e-19   0.000000
5.349023e+03 7.597552e-19 1.140197e-19   0.000000
5.355024e+03 4.926371e-19 1.133298e-19   0.000000
5.361025e+03 7.381140e-19 1.265793e-19   0.000000
5.367026e+03 7.394526e-19 1.129069e-19   0.000000
5.373027e+03 1.030614e-18 1.145153e-19   0.000000
5.379029e+03 9.769707e-19 1.166686e-19   0.000000
5.385030e+03 8.618353e-19 1.167658e-19   0.000000
5.391031e+03 7.768095e-19 1.177361e-19   0.000000
5.397032e+03 1.118704e-18 1.179414e-19   0.000000
5.403033e+03 8.598565e-19 1.194781e-19   0.000000
5.409034e+03 8.922850e-19 1.210744e-19   0.000000
5.415036e+03 3.740563e-19 1.241134e-19   0.000000
5.421037e+03 1.207303e-18 1.285057e-19   0.000000
5.427038e+03 7.852520e-19 1.301577e-19   0.000000
5.433039e+03 8.539369e-19 1.327278e-19   0.000000
5.439040e+03 1.042912e-18 1.398203e-19   0.000000
5.445042e+03 1.237663e-18 1.423445e-19   0.000000
5.451043e+03 9.880516e-19 1.344131e-19   0.000000
5.457044e+03 1.087530e-18 1.374825e-19   0.000000
5.463045e+03 7.957441e-19 1.436972e-19   0.000000
5.469046e+03 5.641609e-19 1.449790e-19   0.000000
5.475048e+03 3.515681e-19 1.471339e-19   0.000000
5.481049e+03 1.002354e-18 1.510468e-19   0.000000
5.487050e+03 9.899956e-19 1.541260e-19   0.000000
5.493051e+03 8.419423e-19 1.551080e-19   0.000000
5.499052e+03 6.640074e-19 1.571367e-19   0.000000
5.505053e+03 1.081785e-18 1.899532e-19   0.000000
5.511055e+03 8.789212e-19 2.341798e-19   0.000000
5.517056e+03 5.141077e-19 2.039346e-19   0.000000
5.523057e+03 7.591140e-19 2.177076e-19   0.000000
5.529058e+03 7.487017e-19 1.912559e-19   0.000000
5.535059e+03 1.131459e-18 1.896815e-19   0.000000
5.541061e+03 1.234005e-18 1.917157e-19   0.000000
5.547062e+03 7.817408e-19 1.959458e-19   0.000000
5.553063e+03 1.308486e-18 2.001816e-19   0.000000
5.559064e+03 7.881837e-19 2.244943e-19   0.000000
5.565065e+03 1.107124e-18 2.016347e-19   0.000000
5.571067e+03 6.837484e-19 2.185938e-19   0.000000
5.577068e+03 5.675567e-19 3.352428e-19   0.000000
5.583069e+03 7.359731e-19 2.172760e-19   0.000000
5.589070e+03 8.875582e-19 2.302773e-19   0.000000
5.595071e+03 1.467731e-18 2.103264e-19   0.000000
5.601073e+03 1.244252e-18 3.066847e-19   0.000000
5.607074e+03 2.102629e-18 3.468699e-19   0.000000
5.613075e+03 1.131840e-18 2.920469e-19   0.000000
5.619076e+03 1.485352e-18 2.723381e-19   0.000000
5.625077e+03 1.014700e-18 2.624319e-19   0.000000
5.631078e+03 1.276560e-18 2.409957e-19   0.000000
5.637080e+03 1.319025e-18 2.401644e-19   0.000000
5.643081e+03 1.411129e-18 2.224122e-19   0.000000
5.649082e+03 9.582217e-19 2.180710e-19   0.000000
5.655083e+03 8.095132e-19 2.088740e-19   0.000000
5.661084e+03 4.514328e-19 2.006763e-19   0.000000
5.667086e+03 8.663303e-19 2.031631e-19   0.000000
5.673087e+03 1.185044e-18 2.045978e-19   0.000000
5.679088e+03 7.591262e-19 2.150609e-19   0.000000
5.685089e+03 6.631748e-19 2.158872e-19   0.000000
5.691091e+03 1.098422e-18 2.121266e-19   0.000000
5.697092e+03 9.938378e-19 2.205898e-19   0.000000
5.703093e+03 4.691834e-19 2.268491e-19   0.000000
5.709094e+03 6.813286e-19 2.322725e-19   0.000000
5.715095e+03 8.353487e-19 2.299898e-19   0.000000
5.721096e+03 5.416826e-19 2.456359e-19   0.000000
5.727098e+03 1.169562e-18 2.479803e-19   0.000000
5.733099e+03 5.266937e-19 2.533052e-19   0.000000
5.739100e+03 4.908791e-19 3.513345e-19   0.000000
5.745101e+03 7.479614e-19 3.828849e-19   0.000000
5.751102e+03 1.688790e-18 3.633115e-19   0.000000
5.757104e+03 1.216691e-18 3.577086e-19   0.000000
5.763105e+03 7.237502e-19 3.216784e-19   0.000000
5.769106e+03 9.749020e-19 3.069016e-19   0.000000
5.775107e+03 1.012117e-18 2.880515e-19   0.000000
5.781109e+03 1.154267e-18 2.855894e-19   0.000000
5.787110e+03 1.142202e-18 2.573523e-19   0.000000
5.793111e+03 1.122031e-18 2.462184e-19   0.000000
5.799112e+03 1.199016e-18 2.335137e-19   0.000000
5.805113e+03 1.079463e-18 2.230898e-19   0.000000
5.811114e+03 7.567392e-19 2.145807e-19   0.000000
5.817116e+03 9.728092e-19 2.075353e-19   0.000000
5.823117e+03 7.886989e-19 2.019413e-19   0.000000
5.829118e+03 7.927514e-19 2.195545e-19   0.000000
5.835119e+03 7.381317e-19 1.932196e-19   0.000000
5.841120e+03 1.359594e-18 2.019325e-19   0.000000
5.847122e+03 8.819926e-19 1.887525e-19   0.000000
5.853123e+03 5.960655e-19 1.903446e-19   0.000000
5.859124e+03 7.534608e-19 1.890106e-19   0.000000
5.865125e+03 1.071771e-18 2.027684e-19   0.000000
5.871126e+03 8.355646e-19 2.126206e-19   0.000000
5.877128e+03 6.280400e-19 2.119055e-19   0.000000
5.883129e+03 1.172240e-18 2.013577e-19   0.000000
5.889130e+03 1.001492e-18 2.548169e-19   0.000000
5.895131e+03 4.551083e-19 2.421597e-19   0.000000
5.901132e+03 6.728504e-19 2.134475e-19   0.000000
5.907134e+03 1.070066e-18 2.261145e-19   0.000000
5.913135e+03 7.462477e-19 2.200696e-19   0.000000
5.919136e+03 7.007750e-19 2.223416e-19   0.000000
5.925137e+03 8.125972e-19 2.120565e-19   0.000000
5.931138e+03 4.437066e-19 2.089573e-19   0.000000
5.937140e+03 9.931061e-19 2.238205e-19   0.000000
5.943141e+03 5.256201e-19 2.139810e-19   0.000000
5.949142e+03 1.623234e-18 2.919101e-19   0.000000
5.955143e+03 1.199007e-18 3.106616e-19   0.000000
5.961144e+03 8.936827e-19 2.602839e-19   0.000000
5.967146e+03 9.396467e-19 2.497306e-19   0.000000
5.973147e+03 1.353776e-18 2.584929e-19   0.000000
5.979148e+03 3.885197e-19 2.310212e-19   0.000000
5.985149e+03 7.832944e-19 2.108091e-19   0.000000
5.991150e+03 5.681873e-19 2.448227e-19   0.000000
5.997151e+03 8.298927e-19 2.006992e-19   0.000000
6.003153e+03 1.103952e-18 1.980782e-19   0.000000
6.009154e+03 9.630867e-19 1.878981e-19   0.000000
6.015155e+03 9.685128e-19 1.802364e-19   0.000000
6.021156e+03 6.961970e-19 1.743647e-19   0.000000
6.027157e+03 1.171111e-18 1.734621e-19   0.000000
6.033159e+03 6.708798e-19 1.713097e-19   0.000000
6.039160e+03 8.282039e-19 1.829550e-19   0.000000
6.045161e+03 4.441067e-19 1.684576e-19   0.000000
6.051162e+03 7.890963e-19 1.571490e-19   0.000000
6.057164e+03 6.020229e-19 1.729361e-19   0.000000
6.063165e+03 7.983164e-19 1.538312e-19   0.000000
6.069166e+03 4.824298e-19 1.536860e-19   0.000000
6.075167e+03 7.118886e-19 1.500450e-19   0.000000
6.081168e+03 5.340056e-19 1.569555e-19   0.000000
6.087169e+03 6.015267e-19 1.580731e-19   0.000000
6.093171e+03 7.004330e-19 1.510363e-19   0.000000
6.099172e+03 6.088209e-19 1.555138e-19   0.000000
6.105173e+03 7.089444e-19 1.574051e-19   0.000000
6.111174e+03 1.103827e-18 1.590119e-19   0.000000
6.117175e+03 4.087952e-19 1.606378e-19   0.000000
6.123177e+03 7.674033e-19 1.641612e-19   0.000000
6.129178e+03 4.558751e-19 1.682571e-19   0.000000
6.135179e+03 7.700214e-19 1.839856e-19   0.000000
6.141180e+03 5.233345e-19 1.653685e-19   0.000000
6.147182e+03 6.091289e-19 1.690731e-19   0.000000
6.153183e+03 6.176530e-19 1.623542e-19   0.000000
6.159184e+03 7.119447e-19 1.732635e-19   0.000000
6.165185e+03 6.831029e-19 1.582389e-19   0.000000
6.171186e+03 5.346814e-19 1.995893e-19   0.000000
6.177188e+03 9.321899e-19 2.523647e-19   0.000000
6.183189e+03 5.245626e-19 2.180200e-19   0.000000
6.189190e+03 4.640465e-19 2.164892e-19   0.000000
6.195191e+03 6.569426e-19 1.967019e-19   0.000000
6.201192e+03 8.958997e-19 1.790496e-19   0.000000
6.207193e+03 5.769849e-19 1.744497e-19   0.000000
6.213195e+03 6.527085e-19 1.658392e-19   0.000000
6.219196e+03 6.729409e-19 1.569127e-19   0.000000
6.225197e+03 5.920256e-19 1.594406e-19   0.000000
6.231198e+03 7.323138e-19 1.472753e-19   0.000000
6.237200e+03 6.261430e-19 1.846911e-19   0.000000
6.243201e+03 4.090198e-19 1.609792e-19   0.000000
6.249202e+03 5.737393e-19 1.414565e-19   0.000000
6.255203e+03 6.481371e-19 1.513420e-19   0.000000
6.261204e+03 6.384303e-19 1.658353e-19   0.000000
6.267206e+03 4.666584e-19 1.453588e-19   0.000000
6.273207e+03 7.033055e-19 1.331983e-19   0.000000
6.279208e+03 6.331415e-19 1.541350e-19   0.000000
6.285209e+03 8.317263e-19 1.312171e-19   0.000000
6.291210e+03 5.868664e-19 1.463732e-19   0.000000
6.297211e+03 7.448629e-19 1.427629e-19   0.000000
6.303213e+03 5.770855e-19 1.601608e-19   0.000000
6.309214e+03 6.138269e-19 1.464066e-19   0.000000
6.315215e+03 8.327820e-19 1.302842e-19   0.000000
6.321216e+03 7.373438e-19 1.446478e-19   0.000000
6.327218e+03 6.087739e-19 1.348302e-19   0.000000
6.333219e+03 4.187495e-19 1.488502e-19   0.000000
6.339220e+03 7.120858e-19 1.379920e-19   0.000000
6.345221e+03 4.537324e-19 1.409966e-19   0.000000
6.351222e+03 9.512753e-19 1.621149e-19   0.000000
6.357224e+03 1.047670e-18 1.715507e-19   0.000000
6.363225e+03 7.878157e-19 1.746392e-19   0.000000
6.369226e+03 8.885019e-19 1.684797e-19   0.000000
6.375227e+03 5.286201e-19 1.593400e-19   0.000000
6.381228e+03 4.723880e-19 1.458138e-19   0.000000
6.387230e+03 4.927377e-19 1.552656e-19   0.000000
6.393231e+03 8.815815e-19 1.452183e-19   0.000000
6.399232e+03 6.663482e-19 1.613231e-19   0.000000
6.405233e+03 5.155197e-19 1.627789e-19   0.000000
6.411234e+03 5.898211e-19 1.550973e-19   0.000000
6.417236e+03 1.137421e-18 1.890316e-19   0.000000
6.423237e+03 5.977615e-19 1.801552e-19   0.000000
6.429238e+03 1.162249e-18 1.752234e-19   0.000000
6.435239e+03 3.376870e-19 1.566649e-19   0.000000
6.441240e+03 2.000397e-19 1.484528e-19   0.000000
6.447242e+03 7.051258e-19 1.444341e-19   0.000000
6.453243e+03 3.526370e-19 1.504590e-19   0.000000
6.459244e+03 9.686627e-19 1.382498e-19   0.000000
6.465245e+03 3.595716e-19 1.668473e-19   0.000000
6.471246e+03 7.163454e-19 1.443435e-19   0.000000
6.477248e+03 3.710720e-19 1.347811e-19   0.000000
6.483249e+03 8.924208e-19 1.194669e-19   0.000000
6.489250e+03 3.255120e-19 1.142460e-19   0.000000
6.495251e+03 6.093112e-19 1.189668e-19   0.000000
6.501252e+03 4.337459e-19 1.296179e-19   0.000000
6.507254e+03 3.941512e-19 1.168509e-19   0.000000
6.513255e+03 4.600249e-19 1.110801e-19   0.000000
6.519256e+03 7.797264e-19 1.074686e-19   0.000000
6.525257e+03 7.882187e-19 1.154821e-19   0.000000
6.531258e+03 4.796777e-19 1.180843e-19   0.000000
6.537260e+03 4.536161e-19 1.134035e-19   0.000000
6.543261e+03 6.064364e-19 1.170850e-19   0.000000
6.549262e+03 7.642205e-19 1.162893e-19   0.000000
6.555263e+03 3.597484e-19 1.249317e-19   0.000000
6.561264e+03 5.530529e-19 1.188748e-19   0.000000
6.567266e+03 5.309058e-19 1.245620e-19   0.000000
6.573267e+03 6.992502e-19 1.186533e-19   0.000000
6.579268e+03 3.749788e-19 1.247175e-19   0.000000
6.585269e+03 7.036594e-19 1.122505e-19   0.000000
6.591271e+03 7.459926e-19 1.129330e-19   0.000000
6.597272e+03 4.341374e-19 1.181921e-19   0.000000
6.603273e+03 4.574477e-19 1.229233e-19   0.000000
6.609274e+03 6.282705e-19 1.178164e-19   0.000000
6.615275e+03 7.408201e-19 1.253301e-19   0.000000
6.621276e+03 4.158040e-19 1.217759e-19   0.000000
6.627278e+03 6.916801e-19 1.463223e-19   0.000000
6.633279e+03 5.390455e-19 1.312083e-19   0.000000
6.639280e+03 6.279488e-19 1.155185e-19   0.000000
6.645281e+03 4.702936e-19 1.143137e-19   0.000000
6.651282e+03 4.495166e-19 1.158933e-19   0.000000
6.657284e+03 5.559795e-19 1.225883e-19   0.000000
6.663285e+03 3.615447e-19 1.169973e-19   0.000000
6.669286e+03 5.580905e-19 1.185213e-19   0.000000
6.675287e+03 5.897288e-19 1.464968e-19   0.000000
6.681289e+03 8.128389e-19 1.481023e-19   0.000000
6.687290e+03 7.381913e-19 1.433596e-19   0.000000
6.693291e+03 2.820903e-19 1.528084e-19   0.000000
6.699292e+03 8.935128e-19 1.361034e-19   0.000000
6.705293e+03 8.529527e-19 1.316654e-19   0.000000
6.711295e+03 8.891415e-19 1.253599e-19   0.000000
6.717296e+03 6.362339e-19 1.214479e-19   0.000000
6.723297e+03 8.432874e-19 1.164186e-19   0.000000
6.729298e+03 4.732827e-19 1.192240e-19   0.000000
6.735299e+03 4.826569e-19 1.101721e-19   0.000000
6.741301e+03 5.774061e-19 1.102387e-19   0.000000
6.747302e+03 7.102906e-19 1.089057e-19   0.000000
6.753303e+03 3.537153e-19 1.094865e-19   0.000000
6.759304e+03 6.663034e-19 1.018642e-19   0.000000
6.765305e+03 6.573077e-19 1.009449e-19   0.000000
6.771307e+03 4.691438e-19 9.926294e-20   0.000000
6.777308e+03 4.451840e-19 9.798372e-20   0.000000
6.783309e+03 4.123475e-19 9.749747e-20   0.000000
6.789310e+03 4.210162e-19 9.721327e-20   0.000000
6.795311e+03 6.874396e-19 9.488664e-20   0.000000
6.801313e+03 7.459699e-19 9.511475e-20   0.000000
6.807314e+03 6.694104e-19 9.449791e-20   0.000000
6.813315e+03 4.357813e-19 9.405026e-20   0.000000
6.819316e+03 5.642691e-19 9.418911e-20   0.000000
6.825318e+03 3.981151e-19 9.472849e-20   0.000000
6.831319e+03 4.995560e-19 1.372975e-19   0.000000
6.837320e+03 3.904038e-19 1.164783e-19   0.000000
6.843321e+03 5.292201e-19 1.079894e-19   0.000000
6.849322e+03 3.040868e-19 9.828853e-20   0.000000
6.855324e+03 6.113703e-19 9.979859e-20   0.000000
6.861325e+03 2.040104e-19 1.030672e-19   0.000000
6.867326e+03 7.739196e-19 1.445031e-19   0.000000
6.873327e+03 5.596909e-19 1.432780e-19   0.000000
6.879328e+03 5.960663e-19 1.218147e-19   0.000000
6.885329e+03 6.357111e-19 1.271862e-19   0.000000
6.891331e+03 3.922103e-19 1.320148e-19   0.000000
6.897332e+03 5.545540e-19 1.252612e-19   0.000000
6.903333e+03 8.183407e-19 1.371860e-19   0.000000
6.909334e+03 2.724792e-19 1.228737e-19   0.000000
6.915336e+03 5.544336e-19 1.208584e-19   0.000000
6.921337e+03 5.592159e-19 1.141635e-19   0.000000
6.927338e+03 4.338199e-19 1.166870e-19   0.000000
6.933339e+03 6.964455e-19 1.110299e-19   0.000000
6.939340e+03 4.200079e-19 1.172681e-19   0.000000
6.945342e+03 5.596708e-19 1.045423e-19   0.000000
6.951343e+03 4.741236e-19 1.190064e-19   0.000000
6.957344e+03 4.816094e-19 1.248868e-19   0.000000
6.963345e+03 4.182593e-19 1.354891e-19   0.000000
6.969346e+03 7.400969e-19 1.500213e-19   0.000000
6.975348e+03 4.249484e-19 1.251125e-19   0.000000
6.981349e+03 5.449156e-19 1.426411e-19   0.000000
6.987350e+03 5.909408e-19 1.182201e-19   0.000000
6.993351e+03 6.200882e-19 1.123169e-19   0.000000
6.999352e+03 2.719545e-19 1.100643e-19   0.000000
7.005354e+03 5.150649e-19 1.134242e-19   0.000000
7.011355e+03 8.330123e-19 1.117827e-19   0.000000
7.017356e+03 5.546411e-19 1.036003e-19   0.000000
7.023357e+03 3.761439e-19 1.013804e-19   0.000000
7.029359e+03 6.115483e-19 9.611166e-20   0.000000
7.035360e+03 5.623185e-19 9.604633e-20   0.000000
7.041361e+03 6.530492e-19 1.019353e-19   0.000000
7.047362e+03 3.997180e-19 1.025999e-19   0.000000
7.053363e+03 5.014719e-19 1.022920e-19   0.000000
7.059364e+03 4.982563e-19 8.951566e-20   0.000000
7.065366e+03 7.699905e-19 9.829654e-20   0.000000
7.071367e+03 3.720805e-19 9.094481e-20   0.000000
7.077368e+03 4.980969e-19 9.195543e-20   0.000000
7.083369e+03 6.282563e-19 9.043952e-20   0.000000
7.089370e+03 4.293879e-19 9.841623e-20   0.000000
7.095372e+03 6.112294e-19 8.521561e-20   0.000000
7.101373e+03 5.479933e-19 8.382615e-20   0.000000
7.107374e+03 4.623882e-19 8.357236e-20   0.000000
7.113375e+03 3.169933e-19 8.308098e-20   0.000000
7.119377e+03 4.099779e-19 8.268393e-20   0.000000
7.125378e+03 5.423942e-19 8.264922e-20   0.000000
7.131379e+03 4.755521e-19 8.935073e-20   0.000000
7.137380e+03 5.794634e-19 8.656195e-20   0.000000
7.143381e+03 3.186729e-19 9.739217e-20   0.000000
7.149383e+03 4.780806e-19 9.677385e-20   0.000000
7.155384e+03 3.183584e-19 8.856890e-20   0.000000
7.161385e+03 5.860500e-19 9.437144e-20   0.000000
7.167386e+03 5.273808e-19 9.533293e-20   0.000000
7.173387e+03 3.699616e-19 1.019314e-19   0.000000
7.179389e+03 4.200483e-19 1.041144e-19   0.000000
7.185390e+03 5.354850e-19 1.072062e-19   0.000000
7.191391e+03 4.975601e-19 1.070946e-19   0.000000
7.197392e+03 4.735022e-19 1.102450e-19   0.000000
7.203394e+03 5.471658e-19 1.098992e-19   0.000000
7.209395e+03 6.113763e-19 1.061272e-19   0.000000
7.215396e+03 7.173919e-19 1.054225e-19   0.000000
7.221397e+03 4.739031e-19 9.487145e-20   0.000000
7.227398e+03 3.717134e-19 9.725580e-20   0.000000
7.233399e+03 5.895874e-19 1.043041e-19   0.000000
7.239401e+03 5.281700e-19 1.235913e-19   0.000000
7.245402e+03 5.151197e-19 1.648964e-19   0.000000
7.251403e+03 1.429273e-19 1.090355e-19   0.000000
7.257404e+03 1.304329e-19 1.256396e-19   0.000000
7.263405e+03 6.614629e-19 1.051755e-19   0.000000
7.269407e+03 4.021021e-19 1.482648e-19   0.000000
7.275408e+03 5.367738e-19 1.636992e-19   0.000000
7.281409e+03 4.893233e-19 1.358084e-19   0.000000
7.287410e+03 5.468284e-19 1.392028e-19   0.000000
7.293412e+03 3.750996e-19 1.165432e-19   0.000000
7.299413e+03 5.993230e-19 1.147307e-19   0.000000
7.305414e+03 4.649693e-19 1.207374e-19   0.000000
7.311415e+03 5.036759e-19 1.070986e-19   0.000000
7.317416e+03 5.455295e-19 1.107953e-19   0.000000
7.323418e+03 3.193175e-19 9.020704e-20   0.000000
7.329419e+03 3.275390e-19 1.117767e-19   0.000000
7.335420e+03 6.274893e-19 9.093150e-20   0.000000
7.341421e+03 2.716669e-19 1.014675e-19   0.000000
7.347423e+03 4.001931e-19 9.445826e-20   0.000000
7.353424e+03 3.892233e-19 9.150873e-20   0.000000
7.359425e+03 4.453404e-19 1.017975e-19   0.000000
7.365426e+03 4.854581e-19 8.703251e-20   0.000000
7.371427e+03 3.912201e-19 9.731875e-20   0.000000
7.377428e+03 3.827180e-19 8.430008e-20   0.000000
7.383430e+03 4.965338e-19 8.107774e-20   0.000000
7.389431e+03 5.375759e-19 8.105114e-20   0.000000
7.395432e+03 4.835597e-19 8.997932e-20   0.000000
7.401433e+03 5.179403e-19 8.996950e-20   0.000000
7.407434e+03 4.641269e-19 7.700865e-20   0.000000
7.413436e+03 5.857985e-19 8.465546e-20   0.000000
7.419437e+03 5.715065e-19 7.880956e-20   0.000000
7.425438e+03 5.140855e-19 7.703482e-20   0.000000
7.431439e+03 3.579437e-19 8.418296e-20   0.000000
7.437441e+03 5.011536e-19 8.906656e-20   0.000000
7.443442e+03 5.521261e-19 8.268459e-20   0.000000
7.449443e+03 5.268969e-19 7.624249e-20   0.000000
7.455444e+03 6.451263e-19 7.785425e-20   0.000000
7.461445e+03 3.679925e-19 8.921307e-20   0.000000
7.467447e+03 3.525688e-19 9.584229e-20   0.000000
7.473448e+03 5.275774e-19 1.094258e-19   0.000000
7.479449e+03 2.867217e-19 9.742924e-20   0.000000
7.485450e+03 3.207271e-19 9.446031e-20   0.000000
7.491452e+03 4.318252e-19 8.941587e-20   0.000000
7.497453e+03 2.018428e-19 8.986094e-20   0.000000
7.503454e+03 4.760773e-19 8.697748e-20   0.000000
7.509455e+03 4.349684e-19 9.006781e-20   0.000000
7.515456e+03 4.063004e-19 8.695534e-20   0.000000
7.521458e+03 2.136761e-19 1.013301e-19   0.000000
7.527459e+03 2.988888e-19 1.187140e-19   0.000000
7.533460e+03 4.972382e-19 1.045811e-19   0.000000
7.539461e+03 6.644709e-19 1.026153e-19   0.000000
7.545462e+03 4.126925e-19 1.008103e-19   0.000000
7.551463e+03 3.933322e-19 9.796117e-20   0.000000
7.557465e+03 5.053613e-19 9.455737e-20   0.000000
7.563466e+03 1.935550e-19 8.596661e-20   0.000000
7.569467e+03 4.474158e-19 9.288369e-20   0.000000
7.575468e+03 3.089376e-19 1.072047e-19   0.000000
7.581470e+03 2.924045e-19 8.292617e-20   0.000000
7.587471e+03 1.565847e-19 1.018740e-19   0.000000
7.593472e+03 2.809444e-19 1.130333e-19   0.000000
7.599473e+03 8.003308e-19 2.738614e-19   0.000000
7.605475e+03 9.940020e-19 3.941719e-19   0.000000
7.611476e+03 9.244982e-19 3.265282e-19   0.000000
7.617477e+03 5.257361e-19 1.666640e-19   0.000000
7.623478e+03 2.980880e-19 1.645891e-19   0.000000
7.629479e+03 5.326038e-19 1.907515e-19   0.000000
7.635480e+03 6.420764e-19 1.937595e-19   0.000000
7.641482e+03 4.803971e-19 1.402797e-19   0.000000
7.647483e+03 2.925527e-19 1.209914e-19   0.000000
7.653484e+03 4.217707e-19 1.252984e-19   0.000000
7.659485e+03 3.317075e-19 9.870052e-20   0.000000
7.665486e+03 4.224433e-19 1.021735e-19   0.000000
7.671488e+03 5.121907e-19 8.479433e-20   0.000000
7.677489e+03 4.586678e-19 8.173495e-20   0.000000
7.683490e+03 4.341330e-19 8.515436e-20   0.000000
7.689491e+03 4.271417e-19 9.009430e-20   0.000000
7.695493e+03 4.128322e-19 9.628076e-20   0.000000
7.701494e+03 5.130382e-19 8.994592e-20   0.000000
7.707495e+03 5.679552e-19 7.524196e-20   0.000000
7.713496e+03 8.718060e-19 9.551375e-20   0.000000
7.719497e+03 1.849768e-19 1.210404e-19   0.000000
7.725499e+03 4.406303e-19 1.036260e-19   0.000000
7.731500e+03 5.974222e-19 7.850478e-20   0.000000
7.737501e+03 5.486408e-19 8.842535e-20   0.000000
7.743502e+03 4.707168e-19 8.053652e-20   0.000000
7.749504e+03 5.241579e-19 9.309836e-20   0.000000
7.755505e+03 4.443574e-19 8.615032e-20   0.000000
7.761506e+03 7.031097e-19 9.060246e-20   0.000000
7.767507e+03 5.557206e-19 7.243703e-20   0.000000
7.773508e+03 6.024566e-19 1.039687e-19   0.000000
7.779510e+03 3.989729e-19 8.411873e-20   0.000000
7.785511e+03 4.222734e-19 8.765448e-20   0.000000
7.791512e+03 5.111025e-19 8.816422e-20   0.000000
7.797513e+03 5.990489e-19 9.129727e-20   0.000000
7.803514e+03 5.318629e-19 7.503170e-20   0.000000
7.809516e+03 5.478108e-19 9.005540e-20   0.000000
7.815517e+03 6.003132e-19 8.824862e-20   0.000000
7.821518e+03 3.652411e-19 9.864910e-20   0.000000
7.827519e+03 3.446021e-19 8.542284e-20   0.000000
7.833520e+03 4.588029e-19 8.175201e-20   0.000000
7.839522e+03 4.408465e-19 7.916917e-20   0.000000
7.845523e+03 4.105346e-19 8.537916e-20   0.000000
7.851524e+03 3.171428e-19 1.017067e-19   0.000000
7.857525e+03 3.234280e-19 1.096164e-19   0.000000
7.863526e+03 5.849191e-19 9.350940e-20   0.000000
7.869528e+03 2.841218e-19 1.003395e-19   0.000000
7.875529e+03 3.110571e-19 8.868686e-20   0.000000
7.881530e+03 4.217018e-19 1.247176e-19   0.000000
7.887531e+03 5.808493e-19 1.031644e-19   0.000000
7.893532e+03 4.209197e-19 1.266541e-19   0.000000
7.899534e+03 5.531290e-19 9.731393e-20   0.000000
7.905535e+03 3.823457e-19 1.003431e-19   0.000000
7.911536e+03 4.802618e-19 1.192145e-19   0.000000
7.917537e+03 2.401554e-19 1.095911e-19   0.000000
7.923539e+03 2.958313e-19 1.137940e-19   0.000000
7.929540e+03 3.970813e-19 8.603457e-20   0.000000
7.935541e+03 4.276427e-19 9.662919e-20   0.000000
7.941542e+03 3.729233e-19 7.999374e-20   0.000000
7.947543e+03 4.168446e-19 9.334552e-20   0.000000
7.953545e+03 1.541399e-19 9.215020e-20   0.000000
7.959546e+03 3.761622e-19 7.572285e-20   0.000000
7.965547e+03 3.995968e-19 9.725541e-20   0.000000
7.971548e+03 4.011518e-19 9.648075e-20   0.000000
7.977550e+03 5.055875e-19 1.310828e-19   0.000000
7.983551e+03 3.585396e-19 1.047802e-19   0.000000
7.989552e+03 5.149878e-19 1.034571e-19   0.000000
7.995553e+03 3.757330e-19 1.210067e-19   0.000000
8.001554e+03 3.592945e-19 9.997414e-20   0.000000
8.007556e+03 4.583928e-19 9.518922e-20   0.000000
8.013557e+03 3.843201e-19 9.961624e-20   0.000000
8.019558e+03 6.508350e-19 9.754604e-20   0.000000
8.025559e+03 3.080298e-19 1.046249e-19   0.000000
8.031560e+03 6.195107e-19 1.011200e-19   0.000000
8.037562e+03 2.997448e-19 8.009986e-20   0.000000
8.043563e+03 6.164728e-19 8.470042e-20   0.000000
8.049564e+03 1.808320e-19 8.390041e-20   0.000000
8.055565e+03 4.464947e-19 8.592797e-20   0.000000
8.061566e+03 5.058104e-19 8.531735e-20   0.000000
8.067568e+03 5.054123e-19 7.745206e-20   0.000000
8.073569e+03 2.639784e-19 7.136131e-20   0.000000
8.079570e+03 4.675888e-19 7.502972e-20   0.000000
8.085571e+03 4.894962e-19 7.913097e-20   0.000000
8.091573e+03 4.877159e-19 6.768864e-20   0.000000
8.097574e+03 4.357602e-19 7.829182e-20   0.000000
8.103575e+03 6.096568e-19 8.402764e-20   0.000000
8.109576e+03 5.256974e-19 7.293209e-20   0.000000
8.115577e+03 5.158912e-19 6.785193e-20   0.000000
8.121578e+03 2.564470e-19 6.712047e-20   0.000000
8.127580e+03 4.511902e-19 6.936825e-20   0.000000
8.133581e+03 5.945406e-19 7.241842e-20   0.000000
8.139582e+03 6.401747e-19 8.527998e-20   0.000000
8.145583e+03 2.963946e-19 7.132996e-20   0.000000
8.151585e+03 5.035143e-19 7.583778e-20   0.000000
8.157586e+03 4.931273e-19 6.925347e-20   0.000000
8.163587e+03 6.286342e-19 7.425283e-20   0.000000
8.169588e+03 3.266909e-19 7.277807e-20   0.000000
8.175590e+03 3.466667e-19 6.597858e-20   0.000000
8.181591e+03 2.903171e-19 7.774251e-20   0.000000
8.187592e+03 4.748733e-19 7.007797e-20   0.000000
8.193593e+03 4.279493e-19 7.094805e-20   0.000000
8.199594e+03 3.815238e-19 7.406474e-20   0.000000
8.205595e+03 4.391163e-19 6.659085e-20   0.000000
8.211597e+03 3.917024e-19 6.970965e-20   0.000000
8.217598e+03 3.054701e-19 7.309957e-20   0.000000
8.223599e+03 4.902980e-19 7.040832e-20   0.000000
8.229600e+03 5.001037e-19 8.236352e-20   0.000000
8.235602e+03 5.202676e-19 7.208900e-20   0.000000
8.241603e+03 2.552186e-19 8.059150e-20   0.000000
8.247604e+03 4.926841e-19 8.578751e-20   0.000000
8.253605e+03 5.239521e-19 7.134241e-20   0.000000
8.259606e+03 4.029095e-19 7.504751e-20   0.000000
8.265608e+03 4.279085e-19 7.186969e-20   0.000000
8.271609e+03 2.742897e-19 7.628034e-20   0.000000
8.277610e+03 3.200619e-19 8.803227e-20   0.000000
8.283611e+03 3.028023e-19 1.312983e-19   0.000000
8.289612e+03 4.620563e-19 1.314980e-19   0.000000
8.295614e+03 2.458532e-19 9.370875e-20   0.000000
8.301615e+03 -8.220406e-19 1.077879e-19   0.000000
8.307616e+03 3.845287e-19 9.113063e-20   0.000000
8.313617e+03 5.827876e-19 9.695370e-20   0.000000
8.319619e+03 4.750993e-19 8.221097e-20   0.000000
8.325620e+03 2.537317e-19 7.252975e-20   0.000000
8.331621e+03 3.272889e-19 6.651022e-20   0.000000
8.337622e+03 2.774096e-19 7.149756e-20   0.000000
8.343623e+03 3.624850e-19 8.819374e-20   0.000000
8.349625e+03 2.206251e-19 9.140181e-20   0.000000
8.355626e+03 -1.464907e-20 8.058887e-20   0.000000
8.361627e+03 4.228023e-19 7.797060e-20   0.000000
8.367628e+03 4.145536e-19 1.015388e-19   0.000000
8.373629e+03 3.243483e-19 6.597248e-20   0.000000
8.379631e+03 3.544395e-19 8.415246e-20   0.000000
8.385632e+03 5.451594e-19 1.029551e-19   0.000000
8.391633e+03 3.411756e-19 9.143185e-20   0.000000
8.397634e+03 6.522502e-19 8.379304e-20   0.000000
8.403636e+03 4.814969e-19 9.228886e-20   0.000000
8.409637e+03 4.263030e-19 7.549024e-20   0.000000
8.415638e+03 9.211660e-20 1.021153e-19   0.000000
8.421639e+03 3.575670e-19 7.745682e-20   0.000000
8.427640e+03 4.878679e-19 8.826097e-20   0.000000
8.433642e+03 8.850964e-19 1.044676e-19   0.000000
8.439643e+03 3.208400e-19 7.246616e-20   0.000000
8.445644e+03 2.991236e-19 7.092512e-20   0.000000
8.451645e+03 5.079096e-19 8.218261e-20   0.000000
8.457646e+03 3.758249e-19 7.302672e-20   0.000000
8.463648e+03 2.991631e-19 7.206791e-20   0.000000
8.469649e+03 3.738285e-19 7.556983e-20   0.000000
8.475650e+03 4.735749e-19 7.247270e-20   0.000000
8.481651e+03 3.154014e-19 6.407691e-20   0.000000
8.487653e+03 3.643972e-19 6.477383e-20   0.000000
8.493654e+03 2.312063e-19 7.692926e-20   0.000000
8.499655e+03 3.972948e-19 6.732608e-20   0.000000
8.505656e+03 3.817196e-19 9.018296e-20   0.000000
8.511657e+03 2.415596e-19 6.051499e-20   0.000000
8.517659e+03 3.744205e-19 6.127094e-20   0.000000
8.523660e+03 4.816656e-19 6.484956e-20   0.000000
8.529661e+03 3.849700e-19 6.113347e-20   0.000000
8.535662e+03 4.185448e-19 5.971778e-20   0.000000
8.541663e+03 3.675428e-19 7.218844e-20   0.000000
8.547665e+03 2.671787e-19 6.523835e-20   0.000000
8.553666e+03 4.828766e-19 7.531908e-20   0.000000
8.559667e+03 3.241212e-19 5.754956e-20   0.000000
8.565668e+03 3.224020e-19 6.275222e-20   0.000000
8.571669e+03 4.077511e-19 6.175503e-20   0.000000
8.577671e+03 4.427696e-19 7.102945e-20   0.000000
8.583672e+03 5.312448e-19 6.232064e-20   0.000000
8.589673e+03 2.605461e-19 6.769853e-20   0.000000
8.595674e+03 4.231444e-19 6.279906e-20   0.000000
8.601676e+03 3.069289e-19 6.981375e-20   0.000000
8.607677e+03 3.503635e-19 6.355882e-20   0.000000
8.613678e+03 4.741671e-19 7.985814e-20   0.000000
8.619679e+03 3.809941e-19 1.176779e-19   0.000000
8.625680e+03 5.623555e-18 1.633301e-19   0.000000
8.631682e+03 -3.353209e-19 1.317483e-19   0.000000
8.637683e+03 3.047849e-18 1.093837e-19   0.000000
8.643684e+03 3.109682e-19 9.097150e-20   0.000000
8.649685e+03 -4.505462e-19 8.175759e-20   0.000000
8.655686e+03 1.780787e-18 1.067092e-19   0.000000
8.661688e+03 1.372217e-18 8.339337e-20   0.000000
8.667689e+03 2.261462e-18 7.943863e-20   0.000000
8.673690e+03 1.804189e-18 9.036490e-20   0.000000
8.679691e+03 9.457509e-19 8.961222e-20   0.000000
8.685693e+03 -7.355891e-20 8.984754e-20   0.000000
8.691694e+03 6.516372e-19 7.931382e-20   0.000000
8.697695e+03 2.879150e-19 7.576661e-20   0.000000
8.703696e+03 3.982973e-19 7.981433e-20   0.000000
8.709697e+03 3.259788e-19 8.022633e-20   0.000000
8.715699e+03 2.379739e-19 6.826736e-20   0.000000
8.721700e+03 2.749909e-19 6.915328e-20   0.000000
8.727701e+03 2.636866e-19 7.363539e-20   0.000000
8.733702e+03 4.087536e-19 7.079993e-20   0.000000
8.739703e+03 2.928336e-19 8.269702e-20   0.000000
8.745705e+03 3.558532e-19 8.122721e-20   0.000000
8.751706e+03 5.327690e-19 7.907174e-20   0.000000
8.757707e+03 2.144857e-19 9.095732e-20   0.000000
8.763708e+03 2.374223e-19 1.410398e-19   0.000000
8.769710e+03 8.104287e-19 1.169519e-19   0.000000
8.775711e+03 4.432916e-19 8.270694e-20   0.000000
8.781712e+03 8.147061e-19 8.380953e-20   0.000000
8.787713e+03 4.869849e-19 6.459000e-20   0.000000
8.793714e+03 5.804066e-19 8.175478e-20   0.000000
8.799716e+03 3.103532e-19 6.401913e-20   0.000000
8.805717e+03 1.684326e-19 6.365659e-20   0.000000
8.811718e+03 3.966618e-19 7.561345e-20   0.000000
8.817719e+03 2.432014e-19 6.276040e-20   0.000000
8.823720e+03 1.273201e-19 6.443025e-20   0.000000
8.829722e+03 6.623783e-19 1.394776e-19   0.000000
8.835723e+03 4.986977e-19 1.554857e-19   0.000000
8.841724e+03 4.071900e-19 8.654002e-20   0.000000
8.847725e+03 5.301633e-19 9.447917e-20   0.000000
8.853727e+03 5.147297e-19 9.463788e-20   0.000000
8.859728e+03 4.460548e-19 8.014241e-20   0.000000
8.865729e+03 4.637918e-19 9.059990e-20   0.000000
8.871730e+03 4.541329e-19 8.675686e-20   0.000000
8.877731e+03 3.979853e-19 6.931980e-20   0.000000
8.883733e+03 2.947857e-19 7.029961e-20   0.000000
8.889734e+03 4.731370e-19 1.079303e-19   0.000000
8.895735e+03 4.336363e-19 7.194851e-20   0.000000
8.901736e+03 4.464512e-19 7.430805e-20   0.000000
8.907737e+03 2.448919e-19 9.547195e-20   0.000000
8.913739e+03 3.635089e-19 7.003115e-20   0.000000
8.919740e+03 5.229114e-19 9.574157e-20   0.000000
8.925741e+03 3.626109e-19 7.421619e-20   0.000000
8.931742e+03 2.892888e-19 8.156675e-20   0.000000
8.937744e+03 3.732778e-19 8.055663e-20   0.000000
8.943745e+03 2.210776e-19 9.007699e-20   0.000000
8.949746e+03 4.178360e-19 6.740757e-20   0.000000
8.955747e+03 3.955035e-19 6.364498e-20   0.000000
8.961748e+03 5.127351e-19 8.534820e-20   0.000000
8.967750e+03 1.998384e-19 6.513431e-20   0.000000
8.973751e+03 2.425180e-19 7.623779e-20   0.000000
8.979752e+03 2.588268e-19 8.678677e-20   0.000000
8.985753e+03 4.302439e-19 8.111290e-20   0.000000
8.991754e+03 2.021501e-19 1.028870e-19   0.000000
8.997756e+03 2.219934e-19 6.262162e-20   0.000000
9.003757e+03 2.870899e-19 9.542088e-20   0.000000
9.009758e+03 3.136978e-19 5.743316e-20   0.000000
9.015759e+03 2.029682e-19 5.788340e-20   0.000000
9.021761e+03 4.217691e-19 6.598800e-20   0.000000
9.027762e+03 2.347476e-19 6.197975e-20   0.000000
9.033763e+03 3.404303e-19 6.213676e-20   0.000000
9.039764e+03 3.263010e-19 6.786739e-20   0.000000
9.045765e+03 2.758992e-19 6.238299e-20   0.000000
9.051767e+03 6.017314e-19 7.861572e-20   0.000000
9.057768e+03 3.462236e-19 6.260155e-20   0.000000
9.063769e+03 3.937746e-19 6.540216e-20   0.000000
9.069770e+03 3.692337e-19 7.198943e-20   0.000000
9.075771e+03 3.297897e-19 6.530158e-20   0.000000
9.081773e+03 3.576771e-19 6.452816e-20   0.000000
9.087774e+03 2.620464e-19 7.000819e-20   0.000000
9.093775e+03 2.029218e-19 7.752948e-20   0.000000
9.099776e+03 5.002905e-19 6.808624e-20   0.000000
9.105778e+03 5.440495e-19 8.793694e-20   0.000000
9.111779e+03 3.052273e-19 6.497390e-20   0.000000
9.117780e+03 3.793653e-19 6.455346e-20   0.000000
9.123781e+03 2.701814e-19 6.181803e-20   0.000000
9.129782e+03 2.822041e-19 6.903276e-20   0.000000
9.135784e+03 4.266215e-19 7.880321e-20   0.000000
9.141785e+03 3.895582e-19 6.996247e-20   0.000000
9.147786e+03 3.269186e-19 6.705490e-20   0.000000
9.153787e+03 1.892364e-19 8.798045e-20   0.000000
9.159788e+03 3.470462e-19 9.720283e-20   0.000000
9.165790e+03 3.481079e-19 7.659576e-20   0.000000
9.171791e+03 3.752177e-19 7.156021e-20   0.000000
9.177792e+03 2.789201e-19 8.380319e-20   0.000000
9.183793e+03 1.580938e-19 7.738461e-20   0.000000
9.189794e+03 2.604245e-19 6.904967e-20   0.000000
9.195796e+03 3.925346e-19 7.297178e-20   0.000000
9.201797e+03 2.299916e-19 7.868236e-20   0.000000
9.207798e+03 2.859036e-19 8.945217e-20   0.000000
9.213799e+03 1.979273e-19 8.199881e-20   0.000000
9.219801e+03 5.963570e-19 9.015721e-20   0.000000
9.225802e+03 3.434181e-19 9.723140e-20   0.000000
9.231803e+03 2.541020e-19 8.057737e-20   0.000000
9.237804e+03 1.289205e-19 8.127994e-20   0.000000
9.243805e+03 4.967562e-19 8.411050e-20   0.000000
9.249807e+03 8.769723e-20 1.057552e-19   0.000000
9.255808e+03 1.602294e-19 9.894621e-20   0.000000
9.261809e+03 1.699886e-19 8.060801e-20   0.000000
9.267810e+03 2.319819e-19 7.356043e-20   0.000000
9.273811e+03 3.773777e-19 6.883316e-20   0.000000
9.279813e+03 5.709509e-20 8.372463e-20   0.000000
9.285814e+03 4.636783e-19 7.964494e-20   0.000000
9.291815e+03 4.697328e-19 8.347249e-20   0.000000
9.297816e+03 4.162620e-19 9.455825e-20   0.000000
9.303818e+03 1.433549e-19 8.521102e-20   0.000000
9.309819e+03 2.808662e-18 2.351493e-19   0.000000
9.315820e+03 8.269858e-19 2.679001e-19   0.000000
9.321821e+03 6.271264e-19 1.323500e-19   0.000000
9.327823e+03 3.676069e-19 1.356341e-19   0.000000
9.333824e+03 5.581468e-19 1.360301e-19   0.000000
9.339825e+03 5.006780e-19 1.731845e-19   0.000000
9.345826e+03 7.426322e-19 1.854658e-19   0.000000
9.351827e+03 6.972198e-19 1.456742e-19   0.000000
9.357829e+03 7.875908e-19 2.068356e-19   0.000000
9.363830e+03 4.389790e-19 1.300864e-19   0.000000
9.369831e+03 4.176873e-19 1.727539e-19   0.000000
9.375832e+03 2.600578e-18 3.374093e-19   0.000000
9.381833e+03 6.207127e-19 2.218430e-19   0.000000
9.387835e+03 2.137329e-19 1.329421e-19   0.000000
9.393836e+03 4.324207e-19 8.674548e-20   0.000000
9.399837e+03 4.402053e-19 1.092838e-19   0.000000
9.405838e+03 7.631155e-19 1.245807e-19   0.000000
9.411840e+03 4.702819e-19 9.362337e-20   0.000000
9.417841e+03 3.766655e-19 9.703237e-20   0.000000
9.423842e+03 4.267476e-19 1.636304e-19   0.000000
9.429843e+03 5.336886e-19 1.331855e-19   0.000000
9.435844e+03 6.225139e-19 8.576897e-20   0.000000
9.441846e+03 1.027546e-18 3.122091e-19   0.000000
9.447847e+03 5.634147e-19 1.339637e-19   0.000000
9.453848e+03 5.403290e-19 1.113678e-19   0.000000
9.459849e+03 6.774537e-19 2.211115e-19   0.000000
9.465851e+03 3.898440e-19 9.150956e-20   0.000000
9.471852e+03 3.264444e-19 1.060702e-19   0.000000
9.477853e+03 5.961891e-19 1.688033e-19   0.000000
9.483854e+03 5.061102e-19 1.367846e-19   0.000000
9.489855e+03 1.312895e-19 9.477741e-20   0.000000
9.495856e+03 3.658285e-19 1.196139e-19   0.000000
9.501858e+03 5.140923e-19 1.473565e-19   0.000000
9.507859e+03 5.096543e-19 9.488231e-20   0.000000
9.513860e+03 5.616172e-19 7.922567e-20   0.000000
9.519861e+03 6.678297e-19 1.470419e-19   0.000000
9.525863e+03 5.929549e-19 1.109114e-19   0.000000
9.531864e+03 2.141527e-19 1.074078e-19   0.000000
9.537865e+03 3.422399e-19 1.153077e-19   0.000000
9.543866e+03 2.766910e-19 8.220856e-20   0.000000
9.549868e+03 2.071987e-19 7.919536e-20   0.000000
9.555869e+03 6.193407e-19 1.292867e-19   0.000000
9.561870e+03 3.106317e-19 1.090847e-19   0.000000
9.567871e+03 7.298085e-19 1.579108e-19   0.000000
9.573872e+03 4.965185e-19 1.000475e-19   0.000000
9.579874e+03 3.976868e-19 9.035395e-20   0.000000
9.585875e+03 1.777854e-19 8.047454e-20   0.000000
9.591876e+03 2.860163e-19 1.071536e-19   0.000000
9.597877e+03 2.188014e-19 9.140427e-20   0.000000
9.603878e+03 5.120697e-19 8.238881e-20   0.000000
9.609880e+03 2.519887e-19 1.415982e-19   0.000000
9.615881e+03 4.898916e-19 8.885559e-20   0.000000
9.621882e+03 9.217061e-19 1.344625e-19   0.000000
9.627883e+03 5.205251e-19 1.147113e-19   0.000000
9.633885e+03 4.030271e-19 9.865796e-20   0.000000
9.639886e+03 4.280992e-19 9.983530e-20   0.000000
9.645887e+03 3.777863e-19 9.527299e-20   0.000000
9.651888e+03 2.430081e-19 9.097319e-20   0.000000
9.657889e+03 2.926069e-19 1.292084e-19   0.000000
9.663891e+03 4.374131e-19 1.332743e-19   0.000000
9.669892e+03 7.702810e-19 1.391800e-19   0.000000
9.675893e+03 4.399942e-19 1.190245e-19   0.000000
9.681894e+03 1.616969e-18 1.611868e-19   0.000000
9.687895e+03 5.778088e-19 1.196543e-19   0.000000
9.693897e+03 5.125403e-19 1.322833e-19   0.000000
9.699898e+03 6.456231e-19 1.427471e-19   0.000000
9.705899e+03 4.945295e-19 1.173851e-19   0.000000
9.711900e+03 6.930065e-19 1.356956e-19   0.000000
9.717901e+03 2.512222e-19 1.323967e-19   0.000000
9.723903e+03 1.444040e-18 1.878800e-19   0.000000
9.729904e+03 6.671543e-19 1.327101e-19   0.000000
9.735905e+03 5.070073e-19 1.516147e-19   0.000000
9.741906e+03 5.068576e-19 1.448757e-19   0.000000
9.747908e+03 3.834215e-19 1.669714e-19   0.000000
9.753909e+03 4.130089e-19 1.202632e-19   0.000000
9.759910e+03 3.454878e-19 1.336450e-19   0.000000
9.765911e+03 1.678340e-19 1.764146e-19   0.000000
9.771912e+03 4.790150e-19 1.337347e-19   0.000000
9.777914e+03 4.764459e-19 1.252246e-19   0.000000
9.783915e+03 5.876286e-19 1.344338e-19   0.000000
9.789916e+03 7.853800e-19 2.077148e-19   0.000000
9.795917e+03 1.240649e-18 2.084997e-19   0.000000
1.300262e+04 1.122534e-18 2.776198e-19   0.000000
1.301282e+04 1.017857e-18 3.327627e-19   0.000000
1.302453e+04 5.779942e-19 3.000949e-19   0.000000
1.303233e+04 5.403343e-19 2.197153e-19   0.000000
1.304073e+04 2.677899e-19 2.407455e-19   0.000000
1.304853e+04 6.113341e-19 2.621321e-19   0.000000
1.305693e+04 5.346345e-19 2.874565e-19   0.000000
1.306654e+04 3.841866e-19 2.431032e-19   0.000000
1.307374e+04 3.280976e-19 2.239446e-19   0.000000
1.308394e+04 8.550817e-19 3.780148e-19   0.000000
1.309234e+04 6.562030e-19 2.342525e-19   0.000000
1.310074e+04 4.980421e-19 2.475738e-19   0.000000
1.310765e+04 4.394246e-19 2.434796e-19   0.000000
1.311395e+04 5.654469e-19 2.225400e-19   0.000000
1.312025e+04 4.535295e-19 2.324713e-19   0.000000
1.312985e+04 5.091517e-19 3.480926e-19   0.000000
1.313975e+04 1.145604e-18 2.896600e-19   0.000000
1.314696e+04 4.949865e-19 2.713425e-19   0.000000
1.315476e+04 7.416217e-19 3.108594e-19   0.000000
1.316226e+04 4.237983e-19 2.458882e-19   0.000000
1.317036e+04 5.279063e-19 2.247864e-19   0.000000
1.317846e+04 4.756286e-19 2.350975e-19   0.000000
1.318476e+04 3.117298e-19 2.371374e-19   0.000000
1.319377e+04 2.191086e-19 2.230986e-19   0.000000
1.320097e+04 4.883521e-19 2.323047e-19   0.000000
1.321117e+04 8.028466e-19 3.169099e-19   0.000000
1.322077e+04 7.093470e-19 2.775111e-19   0.000000
1.322887e+04 6.346743e-19 2.615269e-19   0.000000
1.324118e+04 3.935263e-19 2.813019e-19   0.000000
1.324958e+04 4.219706e-19 2.584211e-19   0.000000
1.325858e+04 2.416364e-19 2.243357e-19   0.000000
1.326878e+04 4.751976e-19 2.717021e-19   0.000000
1.327478e+04 8.591826e-19 2.779717e-19   0.000000
1.328499e+04 4.701710e-19 2.690700e-19   0.000000
1.329519e+04 5.546336e-19 2.527715e-19   0.000000
1.330419e+04 8.704187e-19 2.964200e-19   0.000000
1.331259e+04 2.599236e-19 2.932794e-19   0.000000
1.332550e+04 8.253649e-19 3.402483e-19   0.000000
1.333390e+04 7.106207e-19 2.906931e-19   0.000000
1.334740e+04 4.972828e-19 3.011650e-19   0.000000
1.335820e+04 6.983319e-19 3.185564e-19   0.000000
1.337021e+04 2.076231e-19 2.902981e-19   0.000000
1.337861e+04 5.435199e-19 2.587480e-19   0.000000
1.338581e+04 4.419446e-19 2.797664e-19   0.000000
1.339421e+04 5.339212e-19 2.706261e-19   0.000000
1.340111e+04 1.171153e-18 3.391339e-19   0.000000
1.340982e+04 4.534335e-19 2.672788e-19   0.000000
1.342062e+04 6.716152e-19 3.622337e-19   0.000000
1.342902e+04 7.074163e-19 3.045661e-19   0.000000
1.343562e+04 7.997761e-19 2.730270e-19   0.000000
1.344222e+04 5.331256e-19 3.527586e-19   0.000000
1.345093e+04 5.076042e-19 2.754310e-19   0.000000
1.345843e+04 7.904707e-19 3.052816e-19   0.000000
1.346773e+04 5.928414e-19 2.801788e-19   0.000000
1.347643e+04 1.040248e-18 4.862207e-19   0.000000
1.348783e+04 7.018395e-19 4.026007e-19   0.000000
1.349804e+04 8.623288e-19 4.054973e-19   0.000000
1.351214e+04 4.672814e-19 5.005016e-19   0.000000
1.352204e+04 6.630009e-19 3.808836e-19   0.000000
1.353465e+04 1.118174e-18 4.967178e-19   0.000000
1.354425e+04 1.469738e-18 9.645825e-19   0.000000
1.355145e+04 7.327123e-19 5.893513e-19   0.000000
1.356015e+04 4.668614e-19 5.482302e-19   0.000000
1.357125e+04 1.296339e-18 5.934734e-19   0.000000
1.358266e+04 1.040254e-18 5.611590e-19   0.000000
1.359646e+04 7.326718e-19 6.021932e-19   0.000000
1.360606e+04 1.743176e-19 3.788306e-19   0.000000
1.361266e+04 3.511848e-19 3.757126e-19   0.000000
1.362227e+04 6.102283e-19 3.826223e-19   0.000000
1.363427e+04 6.571774e-19 4.975568e-19   0.000000
1.364207e+04 9.894139e-19 8.686706e-19   0.000000
1.365287e+04 9.077419e-19 4.095818e-19   0.000000
1.366247e+04 8.462073e-19 5.615820e-19   0.000000
1.367238e+04 5.524343e-19 4.413139e-19   0.000000
1.368288e+04 7.769611e-19 4.261155e-19   0.000000
1.369218e+04 1.533787e-18 4.713642e-19   0.000000
1.369908e+04 1.332979e-18 8.579828e-19   0.000000
1.370899e+04 5.468688e-19 4.621270e-19   0.000000
1.372009e+04 5.140447e-19 3.529027e-19   0.000000
1.372879e+04 8.326289e-19 4.622911e-19   0.000000
1.373869e+04 5.999656e-19 4.379312e-19   0.000000
1.375490e+04 1.069806e-18 3.880991e-19   0.000000
1.376570e+04 5.264126e-19 5.400710e-19   0.000000
1.377500e+04 4.209599e-19 2.693716e-19   0.000000
1.378550e+04 4.619857e-19 5.713348e-19   0.000000
1.379571e+04 1.020980e-18 3.272825e-19   0.000000
1.380411e+04 2.932348e-19 3.603335e-19   0.000000
1.381671e+04 6.027998e-19 5.284618e-19   0.000000
1.382751e+04 2.732104e-19 3.307027e-19   0.000000
1.383892e+04 7.737420e-19 5.505526e-19   0.000000
1.384732e+04 1.182315e-18 6.962098e-19   0.000000
1.386682e+04 5.104109e-19 4.530364e-19   0.000000
1.388693e+04 6.291082e-19 3.485518e-19   0.000000
1.389413e+04 5.913319e-19 3.074750e-19   0.000000
1.390313e+04 6.703318e-19 3.912763e-19   0.000000
1.391723e+04 7.142076e-19 4.620489e-19   0.000000
1.392714e+04 5.970700e-19 4.905970e-19   0.000000
1.393854e+04 6.165027e-19 3.706432e-19   0.000000
1.394754e+04 8.348103e-19 5.694841e-19   0.000000
1.395684e+04 4.730273e-19 4.137263e-19   0.000000
1.396915e+04 4.492011e-19 4.391049e-19   0.000000
1.398235e+04 5.353983e-19 3.584839e-19   0.000000
1.399165e+04 1.124381e-18 5.015007e-19   0.000000
1.400395e+04 2.942491e-19 3.312660e-19   0.000000
1.402166e+04 1.256060e-18 4.703877e-19   0.000000
1.403216e+04 6.828647e-19 3.900461e-19   0.000000
1.404416e+04 5.525476e-19 5.574643e-19   0.000000
1.405587e+04 6.320121e-19 4.140436e-19   0.000000
1.406427e+04 7.170985e-19 3.897973e-19   0.000000
1.407357e+04 6.898211e-19 3.318105e-19   0.000000
1.408437e+04 1.406995e-18 4.830404e-19   0.000000
1.409457e+04 9.510563e-19 5.955945e-19   0.000000
1.410778e+04 1.160062e-18 4.621025e-19   0.000000
1.411498e+04 7.055370e-19 3.540926e-19   0.000000
1.412698e+04 2.997476e-19 3.062655e-19   0.000000
1.413718e+04 8.302805e-19 4.853051e-19   0.000000
1.414979e+04 5.985276e-19 4.527840e-19   0.000000
1.415999e+04 1.188526e-18 3.435221e-19   0.000000
1.416899e+04 5.905227e-19 3.031609e-19   0.000000
1.417499e+04 5.660746e-19 3.200201e-19   0.000000
1.418459e+04 7.289307e-19 4.177888e-19   0.000000
1.419210e+04 1.049237e-18 5.475205e-19   0.000000
1.420200e+04 4.764536e-19 3.966262e-19   0.000000
1.421160e+04 7.504617e-19 3.612498e-19   0.000000
1.422060e+04 4.405108e-19 2.973394e-19   0.000000
1.423291e+04 3.808848e-19 4.286269e-19   0.000000
1.424491e+04 1.783373e-19 2.814916e-19   0.000000
1.425781e+04 2.954377e-19 3.147248e-19   0.000000
1.426711e+04 6.500141e-19 3.989427e-19   0.000000
1.427612e+04 6.442873e-19 3.555205e-19   0.000000
1.428842e+04 1.013489e-18 3.869198e-19   0.000000
1.430042e+04 3.373215e-19 2.392015e-19   0.000000
1.431422e+04 5.699233e-19 3.561529e-19   0.000000
1.432803e+04 5.464114e-19 2.913839e-19   0.000000
1.433643e+04 6.771623e-19 2.646112e-19   0.000000
1.434603e+04 5.398392e-19 3.091272e-19   0.000000
1.435683e+04 1.071811e-18 4.402970e-19   0.000000
1.436404e+04 3.207372e-19 2.610387e-19   0.000000
1.437724e+04 5.845465e-19 3.379679e-19   0.000000
1.438504e+04 5.058411e-19 2.013952e-19   0.000000
1.439434e+04 5.430207e-19 2.678986e-19   0.000000
1.440124e+04 7.497873e-19 3.095746e-19   0.000000
1.441025e+04 3.802999e-19 2.302808e-19   0.000000
1.441955e+04 4.305561e-19 2.253298e-19   0.000000
1.442945e+04 3.624190e-19 2.377102e-19   0.000000
1.443725e+04 2.977271e-19 1.907227e-19   0.000000
1.444686e+04 2.856218e-19 2.001974e-19   0.000000
1.445946e+04 3.502709e-19 2.316592e-19   0.000000
1.447086e+04 6.693820e-19 2.759046e-19   0.000000
1.447926e+04 2.609826e-19 1.928088e-19   0.000000
1.448766e+04 3.022448e-19 1.846025e-19   0.000000
1.449487e+04 4.006228e-19 2.025051e-19   0.000000
1.450627e+04 5.536782e-19 2.882374e-19   0.000000
1.451887e+04 7.807825e-19 4.095740e-19   0.000000
1.452547e+04 8.128957e-19 2.867123e-19   0.000000
1.454288e+04 3.680059e-19 2.030645e-19   0.000000
1.455068e+04 5.037531e-19 2.736482e-19   0.000000
1.456148e+04 4.388311e-19 2.407915e-19   0.000000
1.457168e+04 4.596417e-19 2.167934e-19   0.000000
1.458069e+04 2.945488e-19 1.653012e-19   0.000000
1.458789e+04 1.492304e-19 1.643029e-19   0.000000
1.459929e+04 3.086485e-19 2.017051e-19   0.000000
1.460919e+04 2.278592e-18 4.895337e-19   0.000000
1.461789e+04 4.149755e-19 2.090425e-19   0.000000
1.462870e+04 3.262461e-19 2.138364e-19   0.000000
1.463830e+04 5.844691e-19 2.012805e-19   0.000000
1.465030e+04 4.813056e-19 2.490183e-19   0.000000
1.465990e+04 3.253599e-19 2.806220e-19   0.000000
1.466891e+04 9.001683e-19 2.579901e-19   0.000000
1.467671e+04 3.856966e-19 2.133791e-19   0.000000
1.468751e+04 5.267124e-19 1.927769e-19   0.000000
1.469471e+04 5.848434e-19 2.784459e-19   0.000000
1.470552e+04 4.821212e-19 3.761806e-19   0.000000
1.471242e+04 6.703459e-19 2.422495e-19   0.000000
1.472532e+04 3.498356e-19 2.070187e-19   0.000000
1.473192e+04 6.291531e-19 2.063694e-19   0.000000
1.473972e+04 6.080395e-19 3.310978e-19   0.000000
1.474752e+04 3.589106e-19 1.748555e-19   0.000000
1.475353e+04 2.842205e-19 2.269645e-19   0.000000
1.476373e+04 6.445385e-19 1.973269e-19   0.000000
1.477663e+04 5.975554e-19 2.801478e-19   0.000000
1.478623e+04 7.472947e-19 2.809296e-19   0.000000
1.479494e+04 3.740119e-19 3.070718e-19   0.000000
1.481054e+04 8.172961e-19 2.628705e-19   0.000000
1.482074e+04 6.017863e-19 2.338820e-19   0.000000
1.483665e+04 4.484401e-19 2.645676e-19   0.000000
1.484715e+04 2.621786e-19 2.335335e-19   0.000000
1.485495e+04 6.723816e-19 2.231444e-19   0.000000
1.486335e+04 5.782014e-19 3.217554e-19   0.000000
1.487475e+04 3.197162e-19 2.260042e-19   0.000000
1.488976e+04 1.744381e-18 3.318016e-19   0.000000
1.489996e+04 1.014999e-19 1.975472e-19   0.000000
1.490956e+04 5.350995e-19 2.484324e-19   0.000000
1.491856e+04 4.334956e-19 1.931453e-19   0.000000
1.492637e+04 3.659444e-19 2.414227e-19   0.000000
1.493537e+04 9.499164e-19 2.450375e-19   0.000000
1.494317e+04 5.917802e-19 2.014033e-19   0.000000
1.495097e+04 5.237546e-19 2.220100e-19   0.000000
1.495847e+04 4.411483e-19 2.210420e-19   0.000000
1.497018e+04 3.835254e-19 1.930941e-19   0.000000
1.498218e+04 1.046419e-19 1.858825e-19   0.000000
1.499268e+04 3.331380e-19 2.068551e-19   0.000000
1.500018e+04 3.083668e-19 2.096495e-19   0.000000
1.500979e+04 3.279114e-19 2.462567e-19   0.000000
1.502059e+04 3.796281e-19 2.487995e-19   0.000000
1.502959e+04 4.212835e-19 2.748074e-19   0.000000
1.504219e+04 5.229312e-19 2.464769e-19   0.000000
1.505180e+04 3.579223e-19 4.101434e-19   0.000000
1.506170e+04 2.120019e-18 5.427600e-19   0.000000
1.507100e+04 1.884246e-18 4.170385e-19   0.000000
1.508360e+04 9.204394e-19 3.205752e-19   0.000000
1.509531e+04 6.336645e-19 2.418855e-19   0.000000
1.510581e+04 3.037377e-19 2.400992e-19   0.000000
1.511721e+04 6.253217e-19 2.708143e-19   0.000000
1.512501e+04 4.849198e-19 2.061681e-19   0.000000
1.513341e+04 3.107399e-19 2.447812e-19   0.000000
1.514182e+04 6.464281e-19 2.155250e-19   0.000000
1.515142e+04 6.765046e-19 2.489902e-19   0.000000
1.515952e+04 3.210195e-19 1.887748e-19   0.000000
1.516702e+04 4.547530e-19 1.943373e-19   0.000000
1.517842e+04 3.312820e-19 1.846940e-19   0.000000
1.519043e+04 6.982090e-19 2.239819e-19   0.000000
1.520063e+04 1.287547e-19 1.731778e-19   0.000000
1.520843e+04 3.746816e-19 1.813907e-19   0.000000
1.521443e+04 2.810380e-19 1.678551e-19   0.000000
1.522223e+04 3.560585e-19 1.647349e-19   0.000000
1.523304e+04 5.214705e-19 1.780584e-19   0.000000
1.524204e+04 1.487028e-18 3.370009e-19   0.000000
1.525434e+04 3.357031e-19 1.560115e-19   0.000000
1.526244e+04 2.082131e-19 1.626824e-19   0.000000
1.527175e+04 2.501756e-19 1.658546e-19   0.000000
1.527865e+04 6.801370e-19 1.772814e-19   0.000000
1.528945e+04 1.408497e-18 3.331858e-19   0.000000
1.529605e+04 4.588084e-19 1.475867e-19   0.000000
1.530475e+04 1.675401e-19 1.461725e-19   0.000000
1.531286e+04 2.630492e-19 1.864313e-19   0.000000
1.532096e+04 2.173237e-19 1.442460e-19   0.000000
1.532996e+04 4.153659e-19 2.530454e-19   0.000000
1.533626e+04 1.045475e-18 2.113445e-19   0.000000
1.534406e+04 5.745107e-19 1.591934e-19   0.000000
1.535306e+04 2.299049e-19 1.835670e-19   0.000000
1.536027e+04 2.768137e-19 1.384316e-19   0.000000
1.536627e+04 3.687459e-19 1.462784e-19   0.000000
1.537227e+04 4.311914e-19 1.977475e-19   0.000000
1.537947e+04 5.580742e-19 1.949431e-19   0.000000
1.538907e+04 5.062310e-19 2.255998e-19   0.000000
1.540048e+04 3.752087e-19 1.813318e-19   0.000000
1.540888e+04 5.468350e-19 2.255040e-19   0.000000
1.541728e+04 4.425076e-19 1.515588e-19   0.000000
1.542568e+04 3.681193e-19 2.078128e-19   0.000000
1.543348e+04 2.754998e-18 5.976833e-19   0.000000
1.544189e+04 3.785969e-19 1.586785e-19   0.000000
1.544849e+04 3.109408e-19 1.296019e-19   0.000000
1.545449e+04 3.758895e-19 1.317030e-19   0.000000
1.546469e+04 2.305822e-19 1.798779e-19   0.000000
1.547189e+04 6.923074e-19 2.286313e-19   0.000000
1.547909e+04 3.110506e-19 1.357474e-19   0.000000
1.549110e+04 3.451077e-19 1.463721e-19   0.000000
1.549890e+04 3.747789e-19 2.115079e-19   0.000000
1.550730e+04 4.963639e-19 1.959940e-19   0.000000
1.551450e+04 6.841232e-19 2.131429e-19   0.000000
1.552590e+04 4.457189e-19 1.760190e-19   0.000000
1.553431e+04 3.138781e-19 1.621593e-19   0.000000
1.554421e+04 1.530383e-18 7.257812e-19   0.000000
1.555231e+04 2.993752e-19 1.570236e-19   0.000000
1.556011e+04 4.452001e-19 1.650332e-19   0.000000
1.556791e+04 6.372417e-19 2.237595e-19   0.000000
1.557512e+04 4.720063e-19 1.847753e-19   0.000000
1.558532e+04 2.217824e-19 1.514279e-19   0.000000
1.559762e+04 5.388390e-19 1.793058e-19   0.000000
1.561112e+04 6.877259e-19 1.672886e-19   0.000000
1.561713e+04 4.565174e-19 1.637837e-19   0.000000
1.562433e+04 3.341010e-19 1.799911e-19   0.000000
1.563393e+04 4.626626e-19 2.094421e-19   0.000000
1.564413e+04 2.405662e-19 1.681112e-19   0.000000
1.565253e+04 8.149152e-19 2.635459e-19   0.000000
1.566364e+04 3.219819e-19 1.714212e-19   0.000000
1.566994e+04 3.596930e-19 1.531726e-19   0.000000
1.567774e+04 1.066149e-19 1.601209e-19   0.000000
1.569034e+04 4.823152e-19 1.741410e-19   0.000000
1.570144e+04 4.824812e-19 2.596606e-19   0.000000
1.571555e+04 2.865934e-19 1.834211e-19   0.000000
1.572785e+04 2.914818e-19 2.151515e-19   0.000000
1.574195e+04 4.600204e-19 1.982105e-19   0.000000
1.574796e+04 8.664714e-19 2.421860e-19   0.000000
1.575696e+04 4.212307e-19 2.602590e-19   0.000000
1.576716e+04 5.809888e-19 2.440141e-19   0.000000
1.577436e+04 3.619966e-19 1.707081e-19   0.000000
1.578456e+04 5.592232e-19 2.373803e-19   0.000000
1.579477e+04 4.914811e-19 1.851045e-19   0.000000
1.580107e+04 4.091169e-19 2.056914e-19   0.000000
1.580917e+04 8.591504e-19 3.002827e-19   0.000000
1.581637e+04 3.810363e-19 1.593392e-19   0.000000
1.582687e+04 3.347473e-19 2.184568e-19   0.000000
1.583828e+04 1.079014e-18 2.987935e-19   0.000000
1.584758e+04 4.726777e-18 6.415369e-19   0.000000
1.585358e+04 7.161917e-19 2.029547e-19   0.000000
1.586558e+04 7.260552e-19 2.586036e-19   0.000000
1.587278e+04 7.778627e-19 2.530873e-19   0.000000
1.587999e+04 3.568946e-19 1.676648e-19   0.000000
1.588959e+04 8.746078e-19 2.055196e-19   0.000000
1.589829e+04 4.427772e-19 2.886151e-19   0.000000
1.590579e+04 3.369794e-19 1.581937e-19   0.000000
1.591419e+04 3.728966e-19 2.011232e-19   0.000000
1.592080e+04 5.911012e-19 1.553943e-19   0.000000
1.592680e+04 6.830723e-19 2.157278e-19   0.000000
1.593340e+04 6.374578e-19 2.307257e-19   0.000000
1.594060e+04 4.365959e-19 1.944582e-19   0.000000
1.594930e+04 2.955139e-19 1.799793e-19   0.000000
1.595800e+04 2.632035e-19 1.657002e-19   0.000000
1.596461e+04 4.616554e-19 1.630273e-19   0.000000
1.597241e+04 1.554693e-18 3.241971e-19   0.000000
1.598081e+04 3.122944e-19 1.929689e-19   0.000000
1.598681e+04 2.365286e-19 1.528511e-19   0.000000
1.599341e+04 4.063126e-19 1.690863e-19   0.000000
1.599941e+04 3.376904e-19 1.557836e-19   0.000000
1.600662e+04 2.548309e-19 1.608020e-19   0.000000
1.601712e+04 3.956872e-19 1.665881e-19   0.000000
1.602462e+04 2.201219e-19 1.726243e-19   0.000000
1.603242e+04 4.517611e-18 5.300704e-19   0.000000
1.604262e+04 4.456594e-19 1.935528e-19   0.000000
1.604863e+04 4.514899e-19 1.434882e-19   0.000000
1.605463e+04 2.893515e-19 1.665413e-19   0.000000
1.606123e+04 3.397387e-19 1.751320e-19   0.000000
1.606843e+04 3.383807e-19 1.710431e-19   0.000000
1.607503e+04 1.719739e-18 2.495855e-19   0.000000
1.608343e+04 1.402514e-18 1.907602e-19   0.000000
1.608943e+04 1.116326e-18 1.393184e-19   0.000000
1.609544e+04 4.026732e-19 1.479772e-19   0.000000
1.610564e+04 1.853804e-19 1.333681e-19   0.000000
1.611224e+04 1.901409e-19 1.380849e-19   0.000000
1.612304e+04 2.830678e-19 2.553942e-19   0.000000
1.613144e+04 1.185392e-18 2.518055e-19   0.000000
1.614075e+04 1.831749e-19 1.325519e-19   0.000000
1.615005e+04 3.938871e-19 1.371246e-19   0.000000
1.615665e+04 3.078825e-19 1.577441e-19   0.000000
1.616445e+04 2.253977e-19 1.490038e-19   0.000000
1.617405e+04 1.316286e-19 1.396661e-19   0.000000
1.618426e+04 2.039743e-19 1.291745e-19   0.000000
1.619626e+04 1.203561e-18 2.364812e-19   0.000000
1.620406e+04 2.739873e-19 1.321320e-19   0.000000
1.621186e+04 3.719274e-19 1.617825e-19   0.000000
1.621966e+04 2.930727e-19 1.691105e-19   0.000000
1.622957e+04 1.209556e-18 2.961500e-19   0.000000
1.623707e+04 6.226503e-18 6.018483e-19   0.000000
1.624367e+04 7.233693e-19 2.213222e-19   0.000000
1.625207e+04 4.965811e-19 1.648209e-19   0.000000
1.626017e+04 3.239392e-19 1.501146e-19   0.000000
1.627098e+04 4.674075e-19 1.542072e-19   0.000000
1.628178e+04 3.619278e-19 1.446108e-19   0.000000
1.628928e+04 2.215450e-19 1.304906e-19   0.000000
1.629648e+04 2.435333e-19 1.320680e-19   0.000000
1.630428e+04 7.276967e-19 2.910441e-19   0.000000
1.631149e+04 8.105250e-19 1.696090e-19   0.000000
1.631929e+04 8.420960e-19 1.966876e-19   0.000000
1.632589e+04 3.060877e-19 1.205593e-19   0.000000
1.633309e+04 1.719223e-19 1.126319e-19   0.000000
1.634299e+04 5.174760e-19 2.295271e-19   0.000000
1.635410e+04 1.360484e-18 3.315653e-19   0.000000
1.637000e+04 3.360203e-19 1.804257e-19   0.000000
1.638170e+04 2.955495e-19 1.409162e-19   0.000000
1.639551e+04 4.895794e-19 1.698769e-19   0.000000
1.640511e+04 1.982199e-19 1.276507e-19   0.000000
1.641411e+04 4.077764e-19 2.162446e-19   0.000000
1.642131e+04 1.314729e-19 1.181889e-19   0.000000
1.643061e+04 1.348956e-19 1.233736e-19   0.000000
1.644442e+04 5.512356e-19 3.185039e-19   0.000000
1.646152e+04 2.097405e-19 1.370011e-19   0.000000
1.647352e+04 3.339775e-19 2.207083e-19   0.000000
1.648433e+04 1.311986e-19 1.403392e-19   0.000000
1.649513e+04 3.608113e-19 1.415212e-19   0.000000
1.650473e+04 1.115544e-18 2.034854e-19   0.000000
1.651193e+04 1.780814e-19 1.233179e-19   0.000000
1.651883e+04 2.651876e-19 1.218133e-19   0.000000
1.653294e+04 3.493052e-19 1.676689e-19   0.000000
1.653894e+04 5.469904e-19 1.863386e-19   0.000000
1.654674e+04 4.428336e-19 1.395981e-19   0.000000
1.655514e+04 9.495836e-19 2.551593e-19   0.000000
1.656234e+04 3.715102e-19 1.354857e-19   0.000000
1.656955e+04 3.433062e-19 1.173189e-19   0.000000
1.657855e+04 2.968785e-19 1.159587e-19   0.000000
1.658905e+04 2.375150e-19 1.432580e-19   0.000000
1.659865e+04 2.424764e-19 1.242129e-19   0.000000
1.660975e+04 3.751828e-19 1.725748e-19   0.000000
1.661726e+04 1.634841e-19 1.257583e-19   0.000000
1.662356e+04 3.639967e-19 1.186864e-19   0.000000
1.662956e+04 2.579050e-19 1.192001e-19   0.000000
1.663616e+04 2.569992e-19 1.264550e-19   0.000000
1.664396e+04 2.125656e-19 1.208022e-19   0.000000
1.665116e+04 4.943587e-19 1.466457e-19   0.000000
1.665777e+04 5.229612e-19 1.621114e-19   0.000000
1.666617e+04 4.566498e-19 1.712064e-19   0.000000
1.667457e+04 4.250714e-19 1.452600e-19   0.000000
1.668117e+04 2.526222e-19 1.347173e-19   0.000000
1.669197e+04 1.272049e-18 8.791702e-19   0.000000
1.669978e+04 6.441129e-19 2.261402e-19   0.000000
1.671028e+04 5.871745e-19 3.566660e-19   0.000000
1.671838e+04 6.286441e-19 2.226024e-19   0.000000
1.673098e+04 6.362013e-19 2.708323e-19   0.000000
1.673998e+04 2.155952e-19 1.397144e-19   0.000000
1.674779e+04 4.773822e-19 1.545863e-19   0.000000
1.675799e+04 9.535166e-19 2.746942e-19   0.000000
1.676579e+04 5.507046e-19 2.354074e-19   0.000000
1.677449e+04 1.656030e-19 1.462556e-19   0.000000
1.678199e+04 1.384084e-19 1.306119e-19   0.000000
1.679100e+04 2.154777e-19 1.267094e-19   0.000000
1.680060e+04 2.569389e-19 1.549744e-19   0.000000
1.681080e+04 8.132840e-20 1.362948e-19   0.000000
1.681740e+04 1.596175e-19 1.221519e-19   0.000000
1.682400e+04 1.876101e-19 1.238193e-19   0.000000
1.683121e+04 3.447044e-19 1.201214e-19   0.000000
1.683751e+04 4.434630e-19 1.585596e-19   0.000000
1.684861e+04 2.560669e-19 1.292319e-19   0.000000
1.685581e+04 2.660575e-19 1.290361e-19   0.000000
1.686181e+04 2.627376e-19 1.288175e-19   0.000000
1.686871e+04 2.939017e-19 1.415602e-19   0.000000
1.687742e+04 3.572025e-19 1.534058e-19   0.000000
1.688342e+04 3.550977e-19 1.451945e-19   0.000000
1.689002e+04 4.164546e-19 1.699829e-19   0.000000
1.689692e+04 3.655435e-19 1.663170e-19   0.000000
1.690922e+04 1.446961e-18 2.513873e-19   0.000000
1.691703e+04 1.881901e-19 1.451206e-19   0.000000
1.692543e+04 1.159565e-19 1.282089e-19   0.000000
1.693473e+04 4.435316e-20 1.166456e-19   0.000000
1.694523e+04 1.049296e-19 1.248911e-19   0.000000
1.695483e+04 2.441108e-18 2.533877e-19   0.000000
1.696444e+04 1.655183e-19 1.456874e-19   0.000000
1.697284e+04 3.954959e-19 1.440421e-19   0.000000
1.697884e+04 2.308201e-19 1.346737e-19   0.000000
1.698604e+04 3.689079e-19 1.515805e-19   0.000000
1.699444e+04 3.753791e-19 1.500795e-19   0.000000
1.700525e+04 1.252561e-18 2.688753e-19   0.000000
1.701125e+04 2.796693e-18 3.626858e-19   0.000000
1.702025e+04 3.246416e-19 1.314885e-19   0.000000
1.702745e+04 3.660543e-19 1.498269e-19   0.000000
1.703345e+04 2.256529e-19 1.314674e-19   0.000000
1.704125e+04 1.131485e-19 1.287989e-19   0.000000
1.704966e+04 2.637219e-19 1.426002e-19   0.000000
1.705626e+04 4.636684e-19 2.144066e-19   0.000000
1.706826e+04 3.199119e-19 1.556926e-19   0.000000
1.707906e+04 1.590174e-18 2.692508e-19   0.000000
1.708536e+04 1.740341e-19 1.275898e-19   0.000000
1.709677e+04 2.764929e-19 1.464778e-19   0.000000
1.710637e+04 5.143293e-19 1.906887e-19   0.000000
1.711567e+04 3.688476e-19 1.802640e-19   0.000000
1.712767e+04 9.933499e-19 1.918917e-19   0.000000
1.713608e+04 3.650938e-19 1.174821e-19   0.000000
1.714268e+04 2.579381e-19 1.175261e-19   0.000000
1.715048e+04 2.342091e-19 1.089545e-19   0.000000
1.715708e+04 2.196283e-19 1.081681e-19   0.000000
1.716368e+04 4.631950e-19 1.179211e-19   0.000000
1.717148e+04 4.614371e-19 2.016683e-19   0.000000
1.718229e+04 2.105514e-19 1.434155e-19   0.000000
1.719369e+04 4.054360e-19 1.580466e-19   0.000000
1.720179e+04 3.877802e-19 1.145750e-19   0.000000
1.721019e+04 2.854614e-19 1.860369e-19   0.000000
1.722310e+04 4.144787e-19 1.666829e-19   0.000000
1.722910e+04 4.554998e-19 1.584846e-19   0.000000
1.723750e+04 2.197000e-19 1.334339e-19   0.000000
1.724890e+04 1.804982e-18 2.880337e-19   0.000000
1.725610e+04 3.399344e-19 1.870957e-19   0.000000
1.726211e+04 1.368166e-19 1.145121e-19   0.000000
1.726871e+04 2.669358e-19 1.058247e-19   0.000000
1.727471e+04 2.295019e-19 1.586105e-19   0.000000
1.728431e+04 8.952964e-19 2.178697e-19   0.000000
1.729301e+04 2.493202e-19 1.234598e-19   0.000000
1.729991e+04 1.635501e-19 1.273428e-19   0.000000
1.730952e+04 3.922443e-19 1.170505e-19   0.000000
1.732092e+04 3.481387e-19 1.592232e-19   0.000000
1.732752e+04 3.231011e-19 1.963173e-19   0.000000
1.733712e+04 3.065441e-19 1.537565e-19   0.000000
1.734522e+04 3.132071e-19 1.538822e-19   0.000000
1.735693e+04 5.930079e-19 2.705604e-19   0.000000
1.736713e+04 2.933593e-19 1.072555e-19   0.000000
1.737373e+04 2.436393e-19 1.019655e-19   0.000000
1.738093e+04 2.014795e-19 1.691082e-19   0.000000
1.739054e+04 5.384526e-19 1.462321e-19   0.000000
1.739714e+04 2.041974e-19 1.020368e-19   0.000000
1.740434e+04 3.529947e-19 1.338650e-19   0.000000
1.741304e+04 4.375397e-19 1.334545e-19   0.000000
1.742234e+04 4.451121e-19 1.301322e-19   0.000000
1.743014e+04 8.083987e-19 2.492466e-19   0.000000
1.743795e+04 2.349682e-19 1.088002e-19   0.000000
1.744725e+04 1.928964e-19 1.526839e-19   0.000000
1.745655e+04 3.793648e-19 1.066386e-19   0.000000
1.746405e+04 2.207375e-19 9.947115e-20   0.000000
1.747275e+04 1.726562e-19 1.093531e-19   0.000000
1.747966e+04 3.264723e-19 1.294068e-19   0.000000
1.748806e+04 2.043532e-19 1.154389e-19   0.000000
1.749436e+04 1.528868e-19 9.854603e-20   0.000000
1.750216e+04 5.186087e-19 2.299972e-19   0.000000
1.751296e+04 2.459174e-19 1.247582e-19   0.000000
1.751956e+04 2.265320e-19 9.196028e-20   0.000000
1.752797e+04 4.391467e-19 1.394073e-19   0.000000
1.753817e+04 1.567706e-19 1.359808e-19   0.000000
1.754657e+04 4.214869e-19 1.297071e-19   0.000000
1.755437e+04 2.339104e-19 1.093475e-19   0.000000
1.756097e+04 1.276540e-19 9.893576e-20   0.000000
1.756698e+04 2.788048e-19 1.268066e-19   0.000000
1.757418e+04 1.931529e-19 1.059490e-19   0.000000
1.758168e+04 2.693286e-19 9.709209e-20   0.000000
1.759158e+04 5.246990e-19 1.182058e-19   0.000000
1.759878e+04 1.583452e-19 1.123179e-19   0.000000
1.760508e+04 3.019135e-19 1.100806e-19   0.000000
1.761499e+04 2.757554e-19 1.295211e-19   0.000000
1.762399e+04 4.661033e-19 1.526009e-19   0.000000
1.763209e+04 3.429472e-19 1.103534e-19   0.000000
1.763899e+04 9.954418e-20 9.908976e-20   0.000000
1.764619e+04 2.912450e-19 1.404200e-19   0.000000
1.765820e+04 8.517608e-19 2.512808e-19   0.000000
1.767020e+04 4.598646e-19 2.060371e-19   0.000000
1.768190e+04 2.074433e-19 1.385634e-19   0.000000
1.768820e+04 6.805308e-19 2.077642e-19   0.000000
1.769901e+04 6.501260e-19 1.753236e-19   0.000000
1.770861e+04 1.769052e-19 1.177333e-19   0.000000
1.771461e+04 2.586296e-19 1.108109e-19   0.000000
1.772151e+04 2.133821e-19 1.277525e-19   0.000000
1.773021e+04 3.531855e-19 1.551407e-19   0.000000
1.773922e+04 1.821412e-19 1.307400e-19   0.000000
1.774702e+04 2.602917e-19 1.095384e-19   0.000000
1.775362e+04 2.814161e-19 1.064436e-19   0.000000
1.776082e+04 3.917459e-19 1.276070e-19   0.000000
1.776892e+04 3.077738e-19 1.362280e-19   0.000000
1.777522e+04 3.966055e-19 1.919538e-19   0.000000
1.778513e+04 4.408941e-19 1.515088e-19   0.000000
1.779323e+04 2.131753e-19 1.129559e-19   0.000000
1.780223e+04 1.250273e-19 1.108733e-19   0.000000
1.780973e+04 3.312222e-19 1.708310e-19   0.000000
1.781963e+04 3.777328e-19 1.773932e-19   0.000000
1.782924e+04 2.727179e-19 1.877574e-19   0.000000
1.784664e+04 4.215750e-19 2.112194e-19   0.000000
1.785444e+04 4.085404e-19 2.122229e-19   0.000000
1.786284e+04 1.297490e-19 1.450038e-19   0.000000
1.787455e+04 3.609115e-19 1.810142e-19   0.000000
1.788685e+04 4.785339e-19 2.115893e-19   0.000000
1.789765e+04 2.324138e-19 1.350329e-19   0.000000
1.790485e+04 4.177029e-19 1.504473e-19   0.000000
1.791446e+04 2.279675e-19 1.404942e-19   0.000000
1.792166e+04 1.332145e-19 1.287385e-19   0.000000
1.792826e+04 2.048012e-19 1.121438e-19   0.000000
1.793426e+04 2.927887e-19 1.362959e-19   0.000000
1.794086e+04 2.669700e-19 1.221951e-19   0.000000
1.794866e+04 2.562533e-19 1.190027e-19   0.000000
1.795797e+04 1.573001e-19 1.296492e-19   0.000000
1.796787e+04 2.902433e-19 1.278925e-19   0.000000
1.797447e+04 2.313897e-19 1.119466e-19   0.000000
1.798047e+04 2.772409e-19 1.331400e-19   0.000000
1.798767e+04 2.967693e-19 1.458293e-19   0.000000
1.799758e+04 8.903107e-19 2.777625e-19   0.000000
1.800898e+04 5.211025e-19 1.823480e-19   0.000000
1.801528e+04 5.179136e-19 1.605598e-19   0.000000
1.802128e+04 5.568678e-19 2.110518e-19   0.000000
1.803388e+04 3.102667e-19 1.710366e-19   0.000000
1.804649e+04 1.630359e-19 1.603131e-19   0.000000
1.805939e+04 9.925584e-19 2.745817e-19   0.000000
1.806809e+04 1.177260e-18 2.945907e-19   0.000000
1.807469e+04 5.696318e-19 1.651307e-19   0.000000
1.808249e+04 2.432732e-19 1.189925e-19   0.000000
1.808970e+04 9.889041e-20 1.270758e-19   0.000000
1.809720e+04 1.583556e-19 1.183485e-19   0.000000
1.810710e+04 1.203456e-19 2.121649e-19   0.000000
1.811850e+04 1.624386e-18 3.140670e-19   0.000000
1.812510e+04 1.364436e-18 2.469538e-19   0.000000
1.813771e+04 3.129533e-19 1.556828e-19   0.000000
1.814851e+04 1.893471e-19 1.976251e-19   0.000000
1.815871e+04 4.529686e-19 2.581533e-19   0.000000
1.816892e+04 4.578274e-19 1.844358e-19   0.000000
1.817552e+04 1.771970e-19 1.335072e-19   0.000000
1.818212e+04 4.382521e-19 2.374276e-19   0.000000
1.818992e+04 2.976242e-19 1.589696e-19   0.000000
1.819772e+04 3.189513e-19 2.017926e-19   0.000000
1.820792e+04 9.261024e-19 7.695539e-19   0.000000
1.821573e+04 8.782001e-19 4.577412e-19   0.000000
1.822743e+04 3.330989e-19 2.108949e-19   0.000000
1.823553e+04 2.527614e-19 1.630579e-19   0.000000
1.824213e+04 4.630467e-19 1.391702e-19   0.000000
1.825113e+04 1.033346e-18 2.814142e-19   0.000000
1.825834e+04 5.320490e-19 3.246153e-19   0.000000
1.826884e+04 3.444288e-19 2.704371e-19   0.000000
1.828234e+04 8.783420e-19 3.836019e-19   0.000000
1.829014e+04 1.441352e-18 4.163253e-19   0.000000
1.830275e+04 3.525758e-19 3.530228e-19   0.000000
1.831265e+04 4.722199e-19 2.178348e-19   0.000000
1.832555e+04 7.012322e-19 3.750337e-19   0.000000
1.833335e+04 4.621581e-19 1.852295e-19   0.000000
1.834236e+04 2.810184e-19 2.468448e-19   0.000000
1.835316e+04 1.258219e-18 5.523510e-19   0.000000
1.836126e+04 2.337519e-19 2.189828e-19   0.000000
1.837356e+04 3.535879e-19 2.574081e-19   0.000000
1.838556e+04 6.807145e-19 2.588870e-19   0.000000
1.839157e+04 3.412853e-19 2.263856e-19   0.000000
1.840417e+04 7.160469e-19 4.057119e-19   0.000000
1.842397e+04 2.442836e-19 2.392050e-19   0.000000
1.843778e+04 5.490253e-19 2.516992e-19   0.000000
1.844918e+04 3.816102e-19 1.465250e-19   0.000000
1.846178e+04 2.855205e-19 1.984549e-19   0.000000
1.846778e+04 2.537929e-19 3.824650e-19   0.000000
1.847799e+04 2.466584e-19 1.521442e-19   0.000000
1.848999e+04 9.126173e-19 4.575797e-19   0.000000
1.849899e+04 3.454961e-19 2.232775e-19   0.000000
1.851459e+04 8.619792e-19 2.210032e-19   0.000000
1.852600e+04 6.086382e-19 3.331131e-19   0.000000
1.853680e+04 3.707331e-19 2.335080e-19   0.000000
1.854910e+04 6.337837e-19 2.926817e-19   0.000000
1.856561e+04 2.112560e-19 1.808965e-19   0.000000
1.858061e+04 3.867053e-19 2.177563e-19   0.000000
1.859141e+04 1.290565e-19 1.951800e-19   0.000000
1.860462e+04 1.416366e-19 2.432318e-19   0.000000
1.861872e+04 5.896627e-19 1.863581e-19   0.000000
1.862982e+04 3.308002e-19 2.529025e-19   0.000000
1.864182e+04 5.181670e-19 4.264212e-19   0.000000
1.865353e+04 3.212839e-19 1.906858e-19   0.000000
1.866463e+04 3.828915e-19 1.805460e-19   0.000000
1.867243e+04 1.863656e-19 3.011737e-19   0.000000
1.868323e+04 3.265217e-19 2.727442e-19   0.000000
1.869944e+04 3.946462e-19 1.838858e-19   0.000000
1.870724e+04 1.488101e-19 1.547245e-19   0.000000
1.871564e+04 3.593297e-19 2.044842e-19   0.000000
1.872224e+04 3.845916e-19 3.241853e-19   0.000000
1.873305e+04 3.879558e-19 2.450987e-19   0.000000
1.874565e+04 1.270908e-18 8.265496e-19   0.000000
1.875735e+04 1.874884e-19 2.607071e-19   0.000000
1.876875e+04 3.019644e-19 2.391781e-19   0.000000
1.878166e+04 6.359316e-19 3.753600e-19   0.000000
1.879006e+04 4.912918e-19 2.504782e-19   0.000000
1.879756e+04 1.184398e-18 3.193212e-19   0.000000
1.880446e+04 8.788079e-19 3.628415e-19   0.000000
1.881616e+04 6.428568e-19 2.206884e-19   0.000000
1.882847e+04 5.096959e-19 2.576723e-19   0.000000
1.884587e+04 2.863160e-19 2.819190e-19   0.000000
1.885937e+04 7.523545e-19 2.508973e-19   0.000000
1.887198e+04 3.025400e-19 2.003278e-19   0.000000
1.888038e+04 2.799194e-19 1.561662e-19   0.000000
1.889028e+04 7.500697e-19 2.681167e-19   0.000000
1.889988e+04 5.957460e-19 1.952916e-19   0.000000
1.890769e+04 1.348472e-18 3.337900e-19   0.000000
1.892059e+04 6.590988e-19 3.569191e-19   0.000000
1.893589e+04 4.785888e-19 4.266867e-19   0.000000
1.894369e+04 5.021123e-19 2.068104e-19   0.000000
1.895450e+04 5.737872e-19 1.719259e-19   0.000000
1.896410e+04 3.913676e-19 1.848161e-19   0.000000
1.897040e+04 3.100765e-19 1.703519e-19   0.000000
1.898390e+04 4.298859e-19 3.379765e-19   0.000000
1.899621e+04 3.309962e-19 2.133188e-19   0.000000
1.900551e+04 3.994526e-19 2.338498e-19   0.000000
1.901601e+04 4.653062e-19 2.767760e-19   0.000000
1.902711e+04 1.831731e-19 1.877632e-19   0.000000
1.904032e+04 2.387071e-19 3.072115e-19   0.000000
1.904992e+04 1.910214e-19 2.880007e-19   0.000000
1.906372e+04 7.486580e-19 4.678287e-19   0.000000
1.907873e+04 5.469854e-19 2.197747e-19   0.000000
1.908593e+04 4.112413e-19 2.936588e-19   0.000000
1.909613e+04 4.805816e-19 2.198934e-19   0.000000
1.910573e+04 8.760456e-19 3.853333e-19   0.000000
1.911653e+04 1.356294e-18 5.789058e-19   0.000000
1.912644e+04 6.724762e-19 3.520592e-19   0.000000
1.914294e+04 2.600018e-19 3.398724e-19   0.000000
1.915074e+04 1.045453e-18 2.947195e-19   0.000000
1.916154e+04 6.751375e-19 4.099331e-19   0.000000
1.917175e+04 1.942188e-19 2.517376e-19   0.000000
1.917835e+04 4.150514e-19 1.658007e-19   0.000000
1.918495e+04 3.593494e-19 1.765045e-19   0.000000
1.919905e+04 5.237768e-19 2.481649e-19   0.000000
1.921616e+04 2.199390e-19 2.465383e-19   0.000000
1.922696e+04 3.508701e-19 1.808469e-19   0.000000
1.924196e+04 3.581344e-19 2.457036e-19   0.000000
1.924856e+04 1.167469e-18 2.873290e-19   0.000000
1.925937e+04 2.036373e-19 1.613005e-19   0.000000
1.926897e+04 7.820759e-19 4.041759e-19   0.000000
1.928097e+04 5.459510e-19 2.274571e-19   0.000000
1.929177e+04 4.472774e-19 1.924838e-19   0.000000
1.930288e+04 1.987550e-19 2.948334e-19   0.000000
1.931578e+04 3.255121e-19 2.401689e-19   0.000000
1.932298e+04 3.368607e-19 1.516175e-19   0.000000
1.933258e+04 4.107641e-19 1.496013e-19   0.000000
1.934039e+04 2.941364e-19 2.811160e-19   0.000000
1.935059e+04 1.004311e-18 2.406340e-19   0.000000
1.936139e+04 6.041723e-19 2.359310e-19   0.000000
1.936979e+04 1.990936e-19 1.592780e-19   0.000000
1.938240e+04 1.782161e-19 1.762752e-19   0.000000
1.939380e+04 2.800909e-19 2.945836e-19   0.000000
1.940820e+04 2.624869e-19 1.882237e-19   0.000000
1.941960e+04 3.461444e-19 1.482185e-19   0.000000
1.942921e+04 1.282036e-19 1.247803e-19   0.000000
1.943821e+04 2.942963e-19 1.728468e-19   0.000000
1.944781e+04 3.914945e-19 1.870423e-19   0.000000
1.945801e+04 3.535327e-19 1.507265e-19   0.000000
1.946461e+04 2.866610e-19 1.930692e-19   0.000000
1.947782e+04 5.853851e-19 2.175884e-19   0.000000
1.948832e+04 3.918667e-19 2.029729e-19   0.000000
1.949642e+04 2.855290e-19 1.591805e-19   0.000000
1.950962e+04 6.786267e-19 1.999337e-19   0.000000
1.952283e+04 6.735704e-19 2.831715e-19   0.000000
1.953123e+04 7.240222e-19 2.671965e-19   0.000000
1.954173e+04 2.198502e-19 2.341434e-19   0.000000
1.955584e+04 9.886056e-19 3.214280e-19   0.000000
1.957324e+04 5.734800e-19 2.178936e-19   0.000000
1.957984e+04 6.768713e-19 2.153870e-19   0.000000
1.959334e+04 2.984552e-19 1.785568e-19   0.000000
1.960565e+04 3.993115e-19 1.588167e-19   0.000000
1.961465e+04 4.869197e-19 1.916432e-19   0.000000
1.962785e+04 5.655426e-19 2.287701e-19   0.000000
1.963625e+04 4.852068e-19 2.149327e-19   0.000000
1.964706e+04 8.364353e-19 1.851675e-19   0.000000
1.965726e+04 3.440717e-19 1.572994e-19   0.000000
1.967046e+04 5.291925e-19 1.577600e-19   0.000000
1.967826e+04 8.802323e-19 2.152864e-19   0.000000
1.968727e+04 3.627385e-19 1.447354e-19   0.000000
1.969867e+04 6.721880e-19 2.223689e-19   0.000000
1.971007e+04 7.364531e-19 1.592532e-19   0.000000
1.971967e+04 5.371977e-19 1.559675e-19   0.000000
1.972567e+04 3.446447e-19 1.311689e-19   0.000000
1.973408e+04 6.299493e-19 2.136140e-19   0.000000
1.974188e+04 4.318694e-19 1.591906e-19   0.000000
1.974788e+04 3.522414e-19 1.614138e-19   0.000000
1.975658e+04 1.086681e-18 2.019684e-19   0.000000
1.976408e+04 3.380224e-19 1.435037e-19   0.000000
1.977369e+04 1.346253e-18 2.433644e-19   0.000000
1.978209e+04 5.109434e-19 1.707499e-19   0.000000
1.978869e+04 2.807734e-19 1.219132e-19   0.000000
1.979709e+04 2.584038e-19 1.546986e-19   0.000000
1.980309e+04 4.513592e-19 1.717677e-19   0.000000
1.981390e+04 2.511987e-19 1.295631e-19   0.000000
1.981990e+04 2.651439e-19 1.304122e-19   0.000000
1.982830e+04 4.515055e-19 1.227528e-19   0.000000
1.983910e+04 5.604635e-19 1.893077e-19   0.000000
1.984570e+04 5.492734e-19 1.204764e-19   0.000000
1.985230e+04 3.829871e-19 1.275066e-19   0.000000
1.986131e+04 2.166703e-19 1.193209e-19   0.000000
1.987301e+04 1.694327e-19 1.221578e-19   0.000000
1.988411e+04 2.852216e-19 1.268723e-19   0.000000
1.989371e+04 4.393576e-19 1.969001e-19   0.000000
1.990332e+04 4.371651e-19 1.935268e-19   0.000000
1.991292e+04 3.485790e-19 1.419916e-19   0.000000
1.991952e+04 1.657845e-19 1.530518e-19   0.000000
1.992852e+04 5.475116e-19 1.478714e-19   0.000000
1.993752e+04 2.821836e-19 1.162016e-19   0.000000
1.994533e+04 2.615003e-19 1.162380e-19   0.000000
1.995193e+04 2.561830e-19 1.449575e-19   0.000000
1.995913e+04 2.603908e-19 1.527772e-19   0.000000
1.996633e+04 6.868592e-19 1.550880e-19   0.000000
1.997653e+04 3.391223e-19 1.423476e-19   0.000000
