#  wl flux error bpmap
3.322576e+03 8.546539e-19 7.152794e-19   0.000000
3.337579e+03 7.878678e-19 6.059742e-19   0.000000
3.352582e+03 1.110067e-18 5.082891e-19   0.000000
3.367585e+03 1.378422e-18 4.983638e-19   0.000000
3.382588e+03 1.931174e-18 4.385061e-19   0.000000
3.397591e+03 1.292578e-18 3.848358e-19   0.000000
3.412594e+03 7.890719e-19 3.733549e-19   0.000000
3.427597e+03 8.910156e-19 4.045916e-19   0.000000
3.442600e+03 1.275702e-18 4.708423e-19   0.000000
3.457603e+03 1.604932e-18 5.067867e-19   0.000000
3.472606e+03 1.704721e-18 4.991411e-19   0.000000
3.487609e+03 1.410852e-18 4.570429e-19   0.000000
3.502612e+03 1.798718e-18 3.666034e-19   0.000000
3.517615e+03 1.595993e-18 3.274468e-19   0.000000
3.532618e+03 1.074036e-18 2.764870e-19   0.000000
3.547621e+03 1.750693e-18 3.382559e-19   0.000000
3.562624e+03 9.515196e-19 2.943067e-19   0.000000
3.577627e+03 7.200184e-19 2.612106e-19   0.000000
3.592630e+03 1.351237e-18 2.676364e-19   0.000000
3.607633e+03 8.480102e-19 2.797410e-19   0.000000
3.622636e+03 1.288581e-18 3.329952e-19   0.000000
3.637639e+03 3.933178e-19 3.327159e-19   0.000000
3.652642e+03 5.948309e-19 3.121055e-19   0.000000
3.667645e+03 9.823038e-19 2.714314e-19   0.000000
3.682649e+03 8.112217e-19 2.110290e-19   0.000000
3.697652e+03 1.069157e-18 2.041731e-19   0.000000
3.712655e+03 9.241392e-19 1.939057e-19   0.000000
3.727658e+03 9.624030e-19 1.779549e-19   0.000000
3.742661e+03 8.844552e-19 1.929105e-19   0.000000
3.757664e+03 1.087706e-18 1.846505e-19   0.000000
3.772667e+03 5.991724e-19 1.891434e-19   0.000000
3.787670e+03 1.085527e-18 1.981787e-19   0.000000
3.802673e+03 1.263858e-18 2.161927e-19   0.000000
3.817676e+03 7.536086e-19 2.266705e-19   0.000000
3.832679e+03 7.512008e-19 2.235339e-19   0.000000
3.847682e+03 1.051651e-18 2.063019e-19   0.000000
3.862686e+03 9.008241e-19 1.828087e-19   0.000000
3.877689e+03 6.908628e-19 1.467428e-19   0.000000
3.892692e+03 8.991264e-19 1.416179e-19   0.000000
3.907695e+03 1.621570e-18 1.459432e-19   0.000000
3.922698e+03 6.824562e-19 1.326529e-19   0.000000
3.937701e+03 8.316444e-19 1.271155e-19   0.000000
3.952704e+03 9.978392e-19 1.332777e-19   0.000000
3.967707e+03 7.545995e-19 1.247244e-19   0.000000
3.982710e+03 9.421226e-19 1.453063e-19   0.000000
3.997713e+03 1.121418e-18 1.475607e-19   0.000000
4.012716e+03 1.009385e-18 1.672328e-19   0.000000
4.027720e+03 1.316921e-18 1.582118e-19   0.000000
4.042723e+03 7.979168e-19 1.624712e-19   0.000000
4.057726e+03 9.676403e-19 1.510895e-19   0.000000
4.072729e+03 1.543085e-18 1.524533e-19   0.000000
4.087732e+03 1.037980e-18 1.333207e-19   0.000000
4.102735e+03 1.029179e-18 1.208902e-19   0.000000
4.117738e+03 1.327950e-18 1.150872e-19   0.000000
4.132741e+03 1.216732e-18 1.159869e-19   0.000000
4.147745e+03 1.190577e-18 1.095154e-19   0.000000
4.162748e+03 9.240059e-19 1.208375e-19   0.000000
4.177751e+03 8.821114e-19 1.228157e-19   0.000000
4.192754e+03 9.901120e-19 1.172289e-19   0.000000
4.207757e+03 1.078869e-18 1.206429e-19   0.000000
4.222760e+03 1.050043e-18 1.222861e-19   0.000000
4.237763e+03 9.454597e-19 1.257600e-19   0.000000
4.252766e+03 9.961260e-19 1.319244e-19   0.000000
4.267769e+03 9.579302e-19 1.289444e-19   0.000000
4.282773e+03 5.208164e-19 1.276358e-19   0.000000
4.297776e+03 1.195840e-18 1.218722e-19   0.000000
4.312779e+03 1.103777e-18 1.146980e-19   0.000000
4.327782e+03 1.134102e-18 1.073399e-19   0.000000
4.342785e+03 1.035580e-18 9.765657e-20   0.000000
4.357788e+03 1.125302e-18 9.555757e-20   0.000000
4.372791e+03 1.220882e-18 9.376966e-20   0.000000
4.387795e+03 1.091628e-18 9.159375e-20   0.000000
4.402798e+03 1.031982e-18 9.716486e-20   0.000000
4.417801e+03 1.025842e-18 1.031137e-19   0.000000
4.432804e+03 9.523971e-19 1.031499e-19   0.000000
4.447807e+03 7.207674e-19 1.045717e-19   0.000000
4.462810e+03 1.082666e-18 1.055466e-19   0.000000
4.477813e+03 9.493932e-19 1.112908e-19   0.000000
4.492817e+03 7.550881e-19 1.154665e-19   0.000000
4.507820e+03 7.189438e-19 1.150228e-19   0.000000
4.522823e+03 7.811543e-19 1.158199e-19   0.000000
4.537826e+03 9.161639e-19 1.251304e-19   0.000000
4.552829e+03 1.131623e-18 1.198715e-19   0.000000
4.567832e+03 1.260811e-18 1.067603e-19   0.000000
4.582835e+03 1.171009e-18 1.005981e-19   0.000000
4.597839e+03 1.005130e-18 9.215897e-20   0.000000
4.612842e+03 8.792509e-19 8.826651e-20   0.000000
4.627845e+03 9.383703e-19 8.540519e-20   0.000000
4.642848e+03 1.005167e-18 8.193804e-20   0.000000
4.657851e+03 1.092924e-18 8.406025e-20   0.000000
4.672854e+03 9.939118e-19 8.446780e-20   0.000000
4.687858e+03 1.131962e-18 8.535900e-20   0.000000
4.702861e+03 1.099213e-18 8.568193e-20   0.000000
4.717864e+03 8.693090e-19 8.840770e-20   0.000000
4.732867e+03 1.081969e-18 8.902057e-20   0.000000
4.747870e+03 9.050390e-19 9.103234e-20   0.000000
4.762873e+03 6.605927e-19 9.284021e-20   0.000000
4.777876e+03 8.784336e-19 9.786527e-20   0.000000
4.792880e+03 7.547888e-19 9.748132e-20   0.000000
4.807883e+03 6.986256e-19 9.840377e-20   0.000000
4.822886e+03 9.841605e-19 1.267924e-19   0.000000
4.837889e+03 1.031744e-18 1.121052e-19   0.000000
4.852892e+03 7.288910e-19 9.828213e-20   0.000000
4.867895e+03 9.427886e-19 9.026319e-20   0.000000
4.882899e+03 1.004310e-18 8.894973e-20   0.000000
4.897902e+03 6.129294e-19 8.541272e-20   0.000000
4.912905e+03 9.597625e-19 7.900089e-20   0.000000
4.927908e+03 6.951753e-19 7.534569e-20   0.000000
4.942911e+03 7.333137e-19 7.687642e-20   0.000000
4.957914e+03 8.399950e-19 7.346408e-20   0.000000
4.972918e+03 4.405148e-19 7.930290e-20   0.000000
4.987921e+03 7.985161e-19 7.366050e-20   0.000000
5.002924e+03 7.491374e-19 7.530978e-20   0.000000
5.017927e+03 8.136557e-19 7.643560e-20   0.000000
5.032930e+03 8.912062e-19 8.029104e-20   0.000000
5.047934e+03 9.185736e-19 8.136262e-20   0.000000
5.062937e+03 6.354406e-19 8.328236e-20   0.000000
5.077940e+03 6.969682e-19 8.218541e-20   0.000000
5.092943e+03 8.097830e-19 8.445536e-20   0.000000
5.107946e+03 8.503048e-19 8.719219e-20   0.000000
5.122949e+03 6.895749e-19 8.620810e-20   0.000000
5.137953e+03 5.127863e-19 9.816349e-20   0.000000
5.152956e+03 8.256503e-19 1.080859e-19   0.000000
5.167959e+03 7.025646e-19 9.577858e-20   0.000000
5.182962e+03 8.321178e-19 9.164668e-20   0.000000
5.197965e+03 9.282050e-19 8.847091e-20   0.000000
5.212968e+03 9.293168e-19 7.972402e-20   0.000000
5.227972e+03 8.446048e-19 7.705730e-20   0.000000
5.242975e+03 6.978532e-19 7.414552e-20   0.000000
5.257978e+03 7.563220e-19 7.235206e-20   0.000000
5.272981e+03 9.343594e-19 6.966190e-20   0.000000
5.287984e+03 8.243880e-19 7.062337e-20   0.000000
5.302988e+03 6.469324e-19 7.048319e-20   0.000000
5.317991e+03 9.105058e-19 7.206369e-20   0.000000
5.332994e+03 9.052742e-19 7.333712e-20   0.000000
5.347522e+03 8.208229e-19 7.128728e-20   0.000000
5.362525e+03 6.514322e-19 7.471728e-20   0.000000
5.377528e+03 9.478032e-19 7.310584e-20   0.000000
5.392531e+03 9.594860e-19 7.453798e-20   0.000000
5.407534e+03 7.904593e-19 7.648936e-20   0.000000
5.422537e+03 8.544090e-19 8.115091e-20   0.000000
5.437540e+03 9.598653e-19 8.688613e-20   0.000000
5.452543e+03 1.112123e-18 8.669108e-20   0.000000
5.467546e+03 5.928139e-19 9.154250e-20   0.000000
5.482549e+03 8.868662e-19 9.587337e-20   0.000000
5.497552e+03 7.620606e-19 1.003188e-19   0.000000
5.512555e+03 8.451692e-19 1.377602e-19   0.000000
5.527558e+03 8.732270e-19 1.266761e-19   0.000000
5.542561e+03 1.004222e-18 1.220188e-19   0.000000
5.557564e+03 1.108517e-18 1.319253e-19   0.000000
5.572567e+03 7.468682e-19 1.547431e-19   0.000000
5.587570e+03 9.996332e-19 1.400009e-19   0.000000
5.602573e+03 1.478907e-18 1.808656e-19   0.000000
5.617576e+03 1.335416e-18 1.759058e-19   0.000000
5.632579e+03 1.184824e-18 1.543676e-19   0.000000
5.647582e+03 1.054202e-18 1.380296e-19   0.000000
5.662585e+03 7.260487e-19 1.283143e-19   0.000000
5.677588e+03 9.150346e-19 1.318321e-19   0.000000
5.692591e+03 9.796004e-19 1.384068e-19   0.000000
5.707594e+03 6.697480e-19 1.450389e-19   0.000000
5.722597e+03 7.990593e-19 1.539893e-19   0.000000
5.737600e+03 5.891415e-19 1.924533e-19   0.000000
5.752603e+03 1.253135e-18 2.300223e-19   0.000000
5.767606e+03 8.456880e-19 1.957993e-19   0.000000
5.782609e+03 1.156911e-18 1.724949e-19   0.000000
5.797612e+03 1.231676e-18 1.497015e-19   0.000000
5.812615e+03 8.372048e-19 1.345459e-19   0.000000
5.827618e+03 8.270406e-19 1.306777e-19   0.000000
5.842621e+03 9.869817e-19 1.230127e-19   0.000000
5.857624e+03 7.669724e-19 1.201043e-19   0.000000
5.872627e+03 7.804546e-19 1.348640e-19   0.000000
5.887630e+03 9.933037e-19 1.395731e-19   0.000000
5.902633e+03 7.782461e-19 1.454129e-19   0.000000
5.917636e+03 7.811676e-19 1.377965e-19   0.000000
5.932639e+03 6.846377e-19 1.369559e-19   0.000000
5.947642e+03 9.372938e-19 1.604745e-19   0.000000
5.962645e+03 9.697371e-19 1.668980e-19   0.000000
5.977648e+03 8.638056e-19 1.495011e-19   0.000000
5.992651e+03 6.909226e-19 1.373954e-19   0.000000
6.007654e+03 1.144798e-18 1.207237e-19   0.000000
6.022657e+03 8.342849e-19 1.103599e-19   0.000000
6.037660e+03 6.411823e-19 1.095306e-19   0.000000
6.052663e+03 6.894716e-19 1.055476e-19   0.000000
6.067666e+03 5.816167e-19 9.676557e-20   0.000000
6.082669e+03 6.750569e-19 9.861410e-20   0.000000
6.097672e+03 6.451489e-19 9.704303e-20   0.000000
6.112675e+03 7.729087e-19 1.011900e-19   0.000000
6.127678e+03 6.978921e-19 1.079020e-19   0.000000
6.142681e+03 5.458148e-19 1.068242e-19   0.000000
6.157684e+03 6.560923e-19 1.046328e-19   0.000000
6.172687e+03 7.017364e-19 1.284064e-19   0.000000
6.187690e+03 4.833262e-19 1.372989e-19   0.000000
6.202693e+03 7.470092e-19 1.123491e-19   0.000000
6.217696e+03 6.404072e-19 1.030132e-19   0.000000
6.232699e+03 6.781986e-19 1.012755e-19   0.000000
6.247702e+03 5.291759e-19 9.291762e-20   0.000000
6.262705e+03 5.671233e-19 9.995606e-20   0.000000
6.277708e+03 7.614202e-19 8.870237e-20   0.000000
6.292711e+03 6.531645e-19 8.937895e-20   0.000000
6.307714e+03 6.652157e-19 9.317291e-20   0.000000
6.322717e+03 6.983676e-19 8.698566e-20   0.000000
6.337720e+03 5.118933e-19 9.028705e-20   0.000000
6.352723e+03 9.055676e-19 1.013739e-19   0.000000
6.367726e+03 8.606649e-19 1.072900e-19   0.000000
6.382729e+03 4.203925e-19 9.576247e-20   0.000000
6.397732e+03 7.046111e-19 9.708300e-20   0.000000
6.412735e+03 7.864771e-19 1.071860e-19   0.000000
6.427738e+03 7.682381e-19 1.095695e-19   0.000000
6.442741e+03 4.285732e-19 9.360097e-20   0.000000
6.457744e+03 6.416290e-19 9.037843e-20   0.000000
6.472747e+03 4.903934e-19 9.405744e-20   0.000000
6.487750e+03 5.996139e-19 7.334403e-20   0.000000
6.502753e+03 4.490660e-19 7.803932e-20   0.000000
6.517756e+03 6.726531e-19 7.052612e-20   0.000000
6.532759e+03 5.147412e-19 7.234994e-20   0.000000
6.547762e+03 6.599780e-19 7.522157e-20   0.000000
6.562765e+03 4.751509e-19 7.682166e-20   0.000000
6.577768e+03 6.088109e-19 7.574170e-20   0.000000
6.592771e+03 5.939465e-19 7.247829e-20   0.000000
6.607774e+03 5.786286e-19 7.583565e-20   0.000000
6.622777e+03 5.799126e-19 8.387518e-20   0.000000
6.637780e+03 6.352667e-19 7.648140e-20   0.000000
6.652783e+03 4.244066e-19 7.462117e-20   0.000000
6.667786e+03 4.642425e-19 7.672498e-20   0.000000
6.682789e+03 7.615001e-19 9.316456e-20   0.000000
6.697792e+03 7.043045e-19 8.904521e-20   0.000000
6.712795e+03 7.534501e-19 7.910475e-20   0.000000
6.727798e+03 5.757138e-19 7.351861e-20   0.000000
6.742801e+03 6.543053e-19 6.931962e-20   0.000000
6.757804e+03 5.501848e-19 6.623102e-20   0.000000
6.772807e+03 4.960087e-19 6.254762e-20   0.000000
6.787810e+03 4.607832e-19 6.125493e-20   0.000000
6.802813e+03 7.152231e-19 5.996627e-20   0.000000
6.817816e+03 4.856094e-19 5.951549e-20   0.000000
6.832819e+03 4.151738e-19 7.419667e-20   0.000000
6.847822e+03 4.859799e-19 6.473069e-20   0.000000
6.862825e+03 4.067977e-19 7.197515e-20   0.000000
6.877828e+03 5.876492e-19 8.333842e-20   0.000000
6.892831e+03 5.157575e-19 8.030843e-20   0.000000
6.907834e+03 5.266431e-19 8.375330e-20   0.000000
6.922837e+03 5.074531e-19 7.153056e-20   0.000000
6.937840e+03 6.053844e-19 7.122665e-20   0.000000
6.952843e+03 4.551756e-19 7.393277e-20   0.000000
6.967846e+03 5.056823e-19 8.731191e-20   0.000000
6.982849e+03 5.616459e-19 8.102673e-20   0.000000
6.997852e+03 4.559786e-19 7.044497e-20   0.000000
7.012855e+03 6.537531e-19 6.880424e-20   0.000000
7.027858e+03 4.696023e-19 6.283509e-20   0.000000
7.042861e+03 5.781326e-19 6.300524e-20   0.000000
7.057864e+03 5.568882e-19 6.121608e-20   0.000000
7.072867e+03 4.898511e-19 5.810642e-20   0.000000
7.087870e+03 5.767731e-19 5.867703e-20   0.000000
7.102873e+03 5.079665e-19 5.283265e-20   0.000000
7.117876e+03 3.737530e-19 5.236379e-20   0.000000
7.132879e+03 5.606554e-19 5.491895e-20   0.000000
7.147882e+03 3.925017e-19 6.024610e-20   0.000000
7.162885e+03 4.918993e-19 5.908105e-20   0.000000
7.177888e+03 4.281321e-19 6.540101e-20   0.000000
7.192891e+03 4.886605e-19 6.881325e-20   0.000000
7.207894e+03 6.516881e-19 6.787780e-20   0.000000
7.222897e+03 4.386602e-19 6.185765e-20   0.000000
7.237900e+03 5.690760e-19 7.476020e-20   0.000000
7.252903e+03 1.609150e-19 7.839703e-20   0.000000
7.267906e+03 4.951476e-19 7.876359e-20   0.000000
7.282909e+03 6.199527e-19 9.212024e-20   0.000000
7.297912e+03 4.807078e-19 7.433426e-20   0.000000
7.312916e+03 5.168438e-19 6.969650e-20   0.000000
7.327919e+03 3.959097e-19 6.232734e-20   0.000000
7.342922e+03 4.014788e-19 6.023054e-20   0.000000
7.357925e+03 3.855655e-19 5.931267e-20   0.000000
7.372928e+03 4.487589e-19 5.679733e-20   0.000000
7.387931e+03 5.226984e-19 5.352874e-20   0.000000
7.402934e+03 4.768413e-19 5.191564e-20   0.000000
7.417937e+03 5.589629e-19 5.117018e-20   0.000000
7.432940e+03 4.532605e-19 5.312652e-20   0.000000
7.447943e+03 5.838121e-19 5.008258e-20   0.000000
7.462946e+03 4.064400e-19 5.597983e-20   0.000000
7.477949e+03 3.806904e-19 6.430323e-20   0.000000
7.492952e+03 3.154152e-19 5.697983e-20   0.000000
7.507955e+03 4.166809e-19 5.559478e-20   0.000000
7.522958e+03 3.332618e-19 6.558020e-20   0.000000
7.537961e+03 5.804300e-19 6.543016e-20   0.000000
7.552964e+03 4.157117e-19 6.116901e-20   0.000000
7.567967e+03 2.888324e-19 5.951461e-20   0.000000
7.582970e+03 2.720870e-19 5.795968e-20   0.000000
7.597973e+03 4.061860e-19 1.024110e-19   0.000000
7.612976e+03 5.809533e-19 1.442305e-19   0.000000
7.627979e+03 4.621470e-19 1.099953e-19   0.000000
7.642982e+03 3.838404e-19 8.855786e-20   0.000000
7.657985e+03 3.545303e-19 6.942759e-20   0.000000
7.672988e+03 4.883546e-19 5.396004e-20   0.000000
7.687991e+03 4.555267e-19 5.689751e-20   0.000000
7.702994e+03 4.996942e-19 5.268084e-20   0.000000
7.717997e+03 6.082862e-19 6.453173e-20   0.000000
7.733000e+03 5.303716e-19 5.581350e-20   0.000000
7.748003e+03 4.969607e-19 5.608341e-20   0.000000
7.763006e+03 5.679705e-19 5.007773e-20   0.000000
7.778009e+03 4.609382e-19 5.683633e-20   0.000000
7.793012e+03 5.346090e-19 5.744378e-20   0.000000
7.808015e+03 5.815738e-19 5.207440e-20   0.000000
7.823018e+03 3.642034e-19 5.769939e-20   0.000000
7.838021e+03 4.075178e-19 5.263675e-20   0.000000
7.853024e+03 3.987352e-19 6.139244e-20   0.000000
7.868027e+03 4.070819e-19 6.123042e-20   0.000000
7.883030e+03 4.638219e-19 6.560349e-20   0.000000
7.898033e+03 4.975466e-19 6.849462e-20   0.000000
7.913036e+03 3.387028e-19 6.938300e-20   0.000000
7.928039e+03 3.502020e-19 6.402273e-20   0.000000
7.943043e+03 4.126193e-19 5.372178e-20   0.000000
7.958046e+03 2.978044e-19 5.181563e-20   0.000000
7.973049e+03 4.585142e-19 7.234731e-20   0.000000
7.988052e+03 4.275639e-19 6.835363e-20   0.000000
8.003055e+03 4.071500e-19 6.334826e-20   0.000000
8.018058e+03 4.311831e-19 6.038968e-20   0.000000
8.033061e+03 4.494102e-19 6.011953e-20   0.000000
8.048064e+03 3.856501e-19 5.551398e-20   0.000000
8.063067e+03 5.061867e-19 5.022155e-20   0.000000
8.078070e+03 4.091681e-19 4.617731e-20   0.000000
8.093073e+03 4.454285e-19 4.734396e-20   0.000000
8.108076e+03 5.163264e-19 4.802023e-20   0.000000
8.123079e+03 4.125704e-19 4.291563e-20   0.000000
8.138082e+03 5.362334e-19 4.798670e-20   0.000000
8.153085e+03 4.592389e-19 4.598830e-20   0.000000
8.168088e+03 4.614579e-19 4.529074e-20   0.000000
8.183091e+03 3.636805e-19 4.557399e-20   0.000000
8.198094e+03 4.171551e-19 4.475476e-20   0.000000
8.213097e+03 3.660956e-19 4.471485e-20   0.000000
8.228100e+03 4.655144e-19 4.773071e-20   0.000000
8.243103e+03 4.449972e-19 5.047787e-20   0.000000
8.258106e+03 4.366382e-19 4.623930e-20   0.000000
8.273109e+03 3.531388e-19 4.994916e-20   0.000000
8.288112e+03 2.958182e-19 7.287861e-20   0.000000
8.303115e+03 -3.172478e-20 6.351001e-20   0.000000
8.318118e+03 4.286686e-19 5.334186e-20   0.000000
8.333121e+03 3.072377e-19 4.407953e-20   0.000000
8.348124e+03 1.896296e-19 5.773259e-20   0.000000
8.363127e+03 3.398923e-19 5.243617e-20   0.000000
8.378130e+03 3.099864e-19 5.049429e-20   0.000000
8.393133e+03 5.613403e-19 5.462362e-20   0.000000
8.408136e+03 3.884583e-19 5.341824e-20   0.000000
8.423139e+03 3.787324e-19 5.476775e-20   0.000000
8.438143e+03 4.242217e-19 5.054589e-20   0.000000
8.453146e+03 4.265518e-19 4.850604e-20   0.000000
8.468149e+03 3.736947e-19 4.522193e-20   0.000000
8.483152e+03 3.524151e-19 4.260364e-20   0.000000
8.498155e+03 3.370122e-19 4.601065e-20   0.000000
8.513158e+03 3.108177e-19 4.153650e-20   0.000000
8.528161e+03 4.358016e-19 3.942084e-20   0.000000
8.543164e+03 3.299327e-19 4.191761e-20   0.000000
8.558167e+03 3.548193e-19 4.110859e-20   0.000000
8.573170e+03 4.153752e-19 4.079646e-20   0.000000
8.588173e+03 3.782430e-19 4.044911e-20   0.000000
8.603176e+03 3.844911e-19 4.185779e-20   0.000000
8.618179e+03 9.316165e-19 6.380413e-20   0.000000
8.633182e+03 1.969991e-18 7.855485e-20   0.000000
8.648185e+03 3.007500e-19 5.504144e-20   0.000000
8.663188e+03 1.764240e-18 5.501179e-20   0.000000
8.678191e+03 9.660770e-19 5.704250e-20   0.000000
8.693194e+03 4.699840e-19 5.020749e-20   0.000000
8.708197e+03 3.246725e-19 4.900927e-20   0.000000
8.723200e+03 2.681800e-19 4.453815e-20   0.000000
8.738203e+03 3.466902e-19 4.934429e-20   0.000000
8.753206e+03 4.002476e-19 5.217147e-20   0.000000
8.768209e+03 4.295052e-19 6.831904e-20   0.000000
8.783212e+03 6.325890e-19 4.781499e-20   0.000000
8.798215e+03 3.623799e-19 4.429257e-20   0.000000
8.813218e+03 2.690774e-19 4.227854e-20   0.000000
8.828221e+03 2.404853e-19 5.649061e-20   0.000000
8.843224e+03 4.654940e-19 6.133130e-20   0.000000
8.858227e+03 5.080380e-19 5.650545e-20   0.000000
8.873230e+03 4.016488e-19 4.897357e-20   0.000000
8.888234e+03 3.978237e-19 4.993471e-20   0.000000
8.903237e+03 3.562286e-19 5.190791e-20   0.000000
8.918240e+03 4.439166e-19 5.001686e-20   0.000000
8.933243e+03 3.019764e-19 5.004888e-20   0.000000
8.948246e+03 3.643034e-19 4.573615e-20   0.000000
8.963249e+03 3.301738e-19 4.540143e-20   0.000000
8.978252e+03 3.294357e-19 5.046031e-20   0.000000
8.993255e+03 2.123283e-19 4.917409e-20   0.000000
9.008258e+03 2.704956e-19 4.207728e-20   0.000000
9.023261e+03 3.022258e-19 3.963362e-20   0.000000
9.038264e+03 3.222697e-19 4.093482e-20   0.000000
9.053267e+03 4.035926e-19 4.251422e-20   0.000000
9.068270e+03 3.794633e-19 4.337669e-20   0.000000
9.083273e+03 3.107026e-19 4.174059e-20   0.000000
9.098276e+03 3.996221e-19 4.962346e-20   0.000000
9.113279e+03 3.660355e-19 4.144581e-20   0.000000
9.128282e+03 2.948869e-19 4.213146e-20   0.000000
9.143285e+03 3.726305e-19 4.490614e-20   0.000000
9.158288e+03 2.876975e-19 5.854350e-20   0.000000
9.173291e+03 3.313401e-19 4.706869e-20   0.000000
9.188294e+03 2.511921e-19 4.574285e-20   0.000000
9.203297e+03 2.883053e-19 5.177054e-20   0.000000
9.218300e+03 3.783511e-19 5.365420e-20   0.000000
9.233303e+03 1.977473e-19 5.459152e-20   0.000000
9.248306e+03 3.153039e-19 6.043536e-20   0.000000
9.263309e+03 1.938815e-19 5.013678e-20   0.000000
9.278312e+03 2.865678e-19 4.672135e-20   0.000000
9.293316e+03 4.652507e-19 5.692352e-20   0.000000
9.308319e+03 4.780989e-19 7.876434e-20   0.000000
9.323322e+03 5.065027e-19 9.128805e-20   0.000000
9.338325e+03 5.932761e-19 9.855859e-20   0.000000
9.353328e+03 6.979882e-19 1.091047e-19   0.000000
9.368331e+03 5.077809e-19 9.992521e-20   0.000000
9.383334e+03 4.688142e-19 1.131294e-19   0.000000
9.398337e+03 4.417350e-19 6.711851e-20   0.000000
9.413340e+03 4.978855e-19 5.982850e-20   0.000000
9.428343e+03 5.050765e-19 7.627522e-20   0.000000
9.443346e+03 6.930427e-19 8.989010e-20   0.000000
9.458349e+03 4.948211e-19 8.231792e-20   0.000000
9.473352e+03 4.108215e-19 7.126510e-20   0.000000
9.488355e+03 2.998153e-19 7.129853e-20   0.000000
9.503358e+03 4.538818e-19 7.159657e-20   0.000000
9.518361e+03 6.075680e-19 6.635469e-20   0.000000
9.533364e+03 3.378477e-19 6.717094e-20   0.000000
9.548367e+03 2.442602e-19 5.575027e-20   0.000000
9.563370e+03 5.176650e-19 7.677908e-20   0.000000
9.578373e+03 3.195574e-19 5.808397e-20   0.000000
9.593376e+03 2.860504e-19 5.900869e-20   0.000000
9.608379e+03 4.534380e-19 6.026253e-20   0.000000
9.623382e+03 6.436840e-19 7.457808e-20   0.000000
9.638385e+03 4.361873e-19 6.021926e-20   0.000000
9.653388e+03 2.409867e-19 6.769621e-20   0.000000
9.668391e+03 5.796617e-19 8.316321e-20   0.000000
9.683395e+03 8.029834e-19 8.384244e-20   0.000000
9.698398e+03 6.077318e-19 8.316521e-20   0.000000
9.713401e+03 4.187979e-19 8.288287e-20   0.000000
9.728404e+03 8.021626e-19 9.206666e-20   0.000000
9.743407e+03 4.685295e-19 1.030609e-19   0.000000
9.758410e+03 3.237303e-19 8.338269e-20   0.000000
9.773413e+03 4.800094e-19 8.667381e-20   0.000000
9.788416e+03 7.234481e-19 1.092230e-19   0.000000
1.200519e+04 9.433818e-19 1.678851e-19   0.000000
1.202980e+04 1.238586e-18 2.788505e-19   0.000000
1.205500e+04 7.458086e-19 2.479919e-19   0.000000
1.208861e+04 7.332450e-19 2.348440e-19   0.000000
1.210782e+04 5.862974e-19 2.481980e-19   0.000000
1.213422e+04 8.164315e-19 2.938538e-19   0.000000
1.216303e+04 4.523668e-19 2.628424e-19   0.000000
1.219424e+04 5.952656e-19 2.463941e-19   0.000000
1.221824e+04 9.368170e-19 2.657131e-19   0.000000
1.224045e+04 9.178064e-19 3.179886e-19   0.000000
1.226325e+04 7.220484e-19 2.767450e-19   0.000000
1.229026e+04 7.131414e-19 2.549276e-19   0.000000
1.230946e+04 6.755779e-19 2.179717e-19   0.000000
1.233047e+04 6.399272e-19 2.249994e-19   0.000000
1.235627e+04 4.544970e-19 2.086463e-19   0.000000
1.238688e+04 7.326782e-19 1.854174e-19   0.000000
1.240789e+04 7.294994e-19 2.120093e-19   0.000000
1.243189e+04 5.492711e-19 1.925072e-19   0.000000
1.245470e+04 4.511966e-19 1.643677e-19   0.000000
1.247450e+04 7.991962e-19 1.939558e-19   0.000000
1.249911e+04 4.659433e-19 1.746260e-19   0.000000
1.252611e+04 5.546175e-19 1.646609e-19   0.000000
1.254652e+04 6.065377e-19 1.765539e-19   0.000000
1.257292e+04 7.128325e-19 2.085333e-19   0.000000
1.260353e+04 7.927799e-19 2.891805e-19   0.000000
1.263174e+04 8.427848e-19 2.341835e-19   0.000000
1.265514e+04 8.980895e-19 2.419589e-19   0.000000
1.267855e+04 1.519313e-18 3.100492e-19   0.000000
1.270735e+04 1.168881e-18 3.392195e-19   0.000000
1.273316e+04 8.239164e-19 2.864380e-19   0.000000
1.275717e+04 1.723956e-18 3.483565e-19   0.000000
1.278657e+04 1.352381e-18 2.888773e-19   0.000000
1.281118e+04 1.266930e-18 3.139341e-19   0.000000
1.284299e+04 9.426447e-19 2.716552e-19   0.000000
1.286219e+04 9.636981e-19 2.234328e-19   0.000000
1.288500e+04 7.473158e-19 2.358956e-19   0.000000
1.290900e+04 8.769922e-19 2.766322e-19   0.000000
1.293361e+04 7.355875e-19 2.182695e-19   0.000000
1.295941e+04 4.806800e-19 1.739443e-19   0.000000
1.298162e+04 6.529805e-19 2.135409e-19   0.000000
1.300022e+04 6.321884e-19 1.778736e-19   0.000000
1.302663e+04 6.065810e-19 1.667747e-19   0.000000
1.304703e+04 4.767445e-19 1.672951e-19   0.000000
1.306864e+04 3.551602e-19 1.490061e-19   0.000000
1.309084e+04 6.521280e-19 1.753366e-19   0.000000
1.310945e+04 5.141274e-19 1.473305e-19   0.000000
1.312745e+04 6.276242e-19 1.718429e-19   0.000000
1.314846e+04 6.746841e-19 1.865275e-19   0.000000
1.316886e+04 5.000975e-19 1.460696e-19   0.000000
1.318686e+04 2.766825e-19 1.483664e-19   0.000000
1.320847e+04 6.257134e-19 1.692898e-19   0.000000
1.323128e+04 5.518636e-19 1.719105e-19   0.000000
1.325468e+04 3.840757e-19 1.555585e-19   0.000000
1.327929e+04 5.706365e-19 1.719546e-19   0.000000
1.330209e+04 6.253278e-19 1.742461e-19   0.000000
1.332790e+04 6.318931e-19 1.953886e-19   0.000000
1.335610e+04 4.879037e-19 1.881821e-19   0.000000
1.338131e+04 4.598059e-19 1.761720e-19   0.000000
1.339871e+04 6.723460e-19 1.817723e-19   0.000000
1.342212e+04 6.623427e-19 2.020994e-19   0.000000
1.344072e+04 6.122257e-19 1.867892e-19   0.000000
1.346173e+04 6.858273e-19 1.843016e-19   0.000000
1.348453e+04 8.120828e-19 2.651961e-19   0.000000
1.351574e+04 6.741442e-19 2.757916e-19   0.000000
1.354215e+04 1.183185e-18 4.170753e-19   0.000000
1.356375e+04 7.897499e-19 3.445299e-19   0.000000
1.359196e+04 8.931220e-19 3.739436e-19   0.000000
1.361416e+04 3.461825e-19 2.255053e-19   0.000000
1.363877e+04 1.033487e-18 3.759599e-19   0.000000
1.366698e+04 6.040674e-19 2.822094e-19   0.000000
1.369038e+04 1.093192e-18 3.042507e-19   0.000000
1.371319e+04 5.929375e-19 2.744539e-19   0.000000
1.373599e+04 9.580061e-19 2.804084e-19   0.000000
1.376900e+04 4.541995e-19 2.180905e-19   0.000000
1.379240e+04 7.075748e-19 2.522405e-19   0.000000
1.381941e+04 3.940193e-19 2.417646e-19   0.000000
1.384462e+04 7.965091e-19 3.747981e-19   0.000000
1.388843e+04 6.039716e-19 2.135678e-19   0.000000
1.391483e+04 7.357884e-19 2.944036e-19   0.000000
1.394124e+04 6.182915e-19 2.654113e-19   0.000000
1.396584e+04 4.490919e-19 2.461461e-19   0.000000
1.399345e+04 5.845989e-19 2.548747e-19   0.000000
1.402886e+04 9.573393e-19 2.916884e-19   0.000000
1.405827e+04 6.076480e-19 2.584427e-19   0.000000
1.408107e+04 9.310220e-19 2.565701e-19   0.000000
1.411048e+04 8.709595e-19 2.706142e-19   0.000000
1.413508e+04 5.338159e-19 2.456562e-19   0.000000
1.416329e+04 7.661751e-19 2.104978e-19   0.000000
1.418249e+04 6.854024e-19 2.487494e-19   0.000000
1.420410e+04 6.535334e-19 2.447958e-19   0.000000
1.423111e+04 3.876042e-19 2.093875e-19   0.000000
1.425931e+04 3.282921e-19 2.087666e-19   0.000000
1.428512e+04 7.272880e-19 2.201614e-19   0.000000
1.431873e+04 4.400979e-19 1.793182e-19   0.000000
1.434453e+04 5.845827e-19 1.905814e-19   0.000000
1.436554e+04 5.650076e-19 1.968633e-19   0.000000
1.439074e+04 5.672458e-19 1.520343e-19   0.000000
1.441175e+04 4.281379e-19 1.502231e-19   0.000000
1.443455e+04 2.922051e-19 1.308480e-19   0.000000
1.446156e+04 4.592517e-19 1.516153e-19   0.000000
1.448496e+04 3.029418e-19 1.180010e-19   0.000000
1.451137e+04 5.677463e-19 1.931318e-19   0.000000
1.453958e+04 5.138327e-19 1.577938e-19   0.000000
1.456598e+04 4.623160e-19 1.441400e-19   0.000000
1.458639e+04 2.065604e-19 1.051360e-19   0.000000
1.461099e+04 6.955682e-19 1.694966e-19   0.000000
1.463620e+04 4.565819e-19 1.319995e-19   0.000000
1.466140e+04 6.293585e-19 1.740536e-19   0.000000
1.468601e+04 4.628459e-19 1.287917e-19   0.000000
1.470702e+04 6.687782e-19 1.976837e-19   0.000000
1.472982e+04 5.075611e-19 1.389017e-19   0.000000
1.474903e+04 3.456015e-19 1.333626e-19   0.000000
1.477063e+04 6.876666e-19 1.568621e-19   0.000000
1.479764e+04 6.046198e-19 1.677647e-19   0.000000
1.483484e+04 4.714629e-19 1.561415e-19   0.000000
1.485705e+04 5.542865e-19 1.588522e-19   0.000000
1.488766e+04 6.293720e-19 1.610443e-19   0.000000
1.491286e+04 3.528995e-19 1.304802e-19   0.000000
1.493387e+04 6.722536e-19 1.500076e-19   0.000000
1.495247e+04 4.831751e-19 1.351103e-19   0.000000
1.497888e+04 2.425791e-19 1.219169e-19   0.000000
1.500228e+04 3.366839e-19 1.398960e-19   0.000000
1.502809e+04 4.247593e-19 1.628892e-19   0.000000
1.505570e+04 7.787948e-19 2.389957e-19   0.000000
1.507910e+04 1.123047e-18 2.087408e-19   0.000000
1.510791e+04 4.591154e-19 1.569344e-19   0.000000
1.513011e+04 4.471182e-19 1.383348e-19   0.000000
1.515352e+04 5.042252e-19 1.364883e-19   0.000000
1.517632e+04 4.600823e-19 1.273673e-19   0.000000
1.520213e+04 2.954251e-19 1.133586e-19   0.000000
1.522013e+04 3.343664e-19 1.062513e-19   0.000000
1.524354e+04 5.646398e-19 1.238504e-19   0.000000
1.526694e+04 3.396082e-19 1.059634e-19   0.000000
1.529095e+04 5.863605e-19 1.180045e-19   0.000000
1.531135e+04 1.920133e-19 1.002179e-19   0.000000
1.533176e+04 5.900892e-19 1.269238e-19   0.000000
1.534976e+04 3.792187e-19 1.037808e-19   0.000000
1.536777e+04 3.670222e-19 9.961239e-20   0.000000
1.538697e+04 5.115937e-19 1.306396e-19   0.000000
1.541038e+04 4.455936e-19 1.111244e-19   0.000000
1.543198e+04 4.810832e-19 1.581376e-19   0.000000
1.544999e+04 3.654907e-19 8.366233e-20   0.000000
1.547039e+04 3.583122e-19 1.165276e-19   0.000000
1.549260e+04 3.545897e-19 1.001566e-19   0.000000
1.551300e+04 6.185799e-19 1.361334e-19   0.000000
1.553581e+04 3.594885e-19 1.228237e-19   0.000000
1.555861e+04 3.934059e-19 1.028897e-19   0.000000
1.557662e+04 3.640172e-19 1.149469e-19   0.000000
1.560962e+04 5.669309e-19 1.082353e-19   0.000000
1.562583e+04 4.255663e-19 1.175110e-19   0.000000
1.565043e+04 3.857226e-19 1.246809e-19   0.000000
1.567144e+04 2.559465e-19 9.944952e-20   0.000000
1.569784e+04 4.549814e-19 1.248508e-19   0.000000
1.573145e+04 3.375042e-19 1.286345e-19   0.000000
1.575426e+04 6.487042e-19 1.633102e-19   0.000000
1.577586e+04 4.554399e-19 1.258143e-19   0.000000
1.579927e+04 4.866034e-19 1.325466e-19   0.000000
1.581847e+04 4.138682e-19 1.218672e-19   0.000000
1.584548e+04 1.688462e-18 2.162054e-19   0.000000
1.586708e+04 5.912854e-19 1.457403e-19   0.000000
1.588809e+04 5.398046e-19 1.238122e-19   0.000000
1.590849e+04 3.704142e-19 1.189296e-19   0.000000
1.592530e+04 6.225249e-19 1.166133e-19   0.000000
1.594210e+04 3.974878e-19 1.235937e-19   0.000000
1.596311e+04 3.886024e-19 1.113781e-19   0.000000
1.598231e+04 3.984890e-19 1.173586e-19   0.000000
1.599791e+04 3.419252e-19 1.014178e-19   0.000000
1.601952e+04 3.024765e-19 1.070730e-19   0.000000
1.603992e+04 7.165317e-19 1.345154e-19   0.000000
1.605613e+04 3.449864e-19 1.041358e-19   0.000000
1.607353e+04 1.039127e-18 1.350165e-19   0.000000
1.609093e+04 8.048154e-19 9.126906e-20   0.000000
1.611074e+04 1.922606e-19 9.103490e-20   0.000000
1.613294e+04 4.032650e-19 1.146943e-19   0.000000
1.615515e+04 3.088037e-19 9.446841e-20   0.000000
1.617856e+04 2.024148e-19 8.526411e-20   0.000000
1.620256e+04 4.807717e-19 1.065259e-19   0.000000
1.622237e+04 4.621748e-19 1.181705e-19   0.000000
1.624157e+04 8.721929e-19 1.486483e-19   0.000000
1.626317e+04 4.428222e-19 9.942541e-20   0.000000
1.628778e+04 2.779936e-19 8.534319e-20   0.000000
1.630578e+04 5.861789e-19 1.169217e-19   0.000000
1.632439e+04 3.671692e-19 8.613352e-20   0.000000
1.634659e+04 4.356409e-19 1.223828e-19   0.000000
1.637900e+04 3.282156e-19 1.019393e-19   0.000000
1.640721e+04 3.077756e-19 9.889195e-20   0.000000
1.642821e+04 1.400345e-19 8.449329e-20   0.000000
1.646422e+04 2.735444e-19 1.111941e-19   0.000000
1.649303e+04 3.622217e-19 9.868750e-20   0.000000
1.651343e+04 2.833236e-19 8.023733e-20   0.000000
1.653744e+04 4.810555e-19 1.054892e-19   0.000000
1.655664e+04 4.442555e-19 1.022441e-19   0.000000
1.657645e+04 3.544269e-19 7.899918e-20   0.000000
1.660105e+04 2.249081e-19 8.641683e-20   0.000000
1.662206e+04 3.140365e-19 7.682432e-20   0.000000
1.663886e+04 1.910505e-19 7.756218e-20   0.000000
1.665627e+04 4.382175e-19 9.774759e-20   0.000000
1.667607e+04 4.005755e-19 9.264843e-20   0.000000
1.669768e+04 7.044246e-19 2.151812e-19   0.000000
1.672108e+04 6.109369e-19 1.563142e-19   0.000000
1.674629e+04 3.826974e-19 1.009527e-19   0.000000
1.676729e+04 3.258386e-19 1.170403e-19   0.000000
1.678950e+04 2.050631e-19 8.364608e-20   0.000000
1.681290e+04 1.281394e-19 8.437497e-20   0.000000
1.682971e+04 2.817504e-19 7.754363e-20   0.000000
1.685011e+04 2.987462e-19 8.841041e-20   0.000000
1.686631e+04 2.882022e-19 8.749951e-20   0.000000
1.688492e+04 3.774895e-19 9.801647e-20   0.000000
1.690652e+04 5.632689e-19 1.196525e-19   0.000000
1.692693e+04 9.770557e-20 7.810052e-20   0.000000
1.695213e+04 4.919189e-19 9.823594e-20   0.000000
1.697434e+04 2.636906e-19 8.890712e-20   0.000000
1.699174e+04 4.550093e-19 9.960060e-20   0.000000
1.701275e+04 6.660473e-19 1.227291e-19   0.000000
1.703195e+04 2.469010e-19 8.771659e-20   0.000000
1.705116e+04 2.619376e-19 9.822467e-20   0.000000
1.707516e+04 5.145669e-19 1.082972e-19   0.000000
1.709917e+04 2.751608e-19 9.744135e-20   0.000000
1.712617e+04 6.068316e-19 1.053563e-19   0.000000
1.714538e+04 2.463497e-19 7.125953e-20   0.000000
1.716158e+04 3.242051e-19 7.580419e-20   0.000000
1.718379e+04 3.465451e-19 1.017458e-19   0.000000
1.720659e+04 3.745681e-19 9.154873e-20   0.000000
1.723180e+04 3.269345e-19 9.216442e-20   0.000000
1.725460e+04 4.951041e-19 1.179871e-19   0.000000
1.727021e+04 2.257109e-19 7.578982e-20   0.000000
1.728941e+04 3.147921e-19 8.769790e-20   0.000000
1.731102e+04 3.574384e-19 8.745380e-20   0.000000
1.733442e+04 2.999808e-19 1.060335e-19   0.000000
1.736083e+04 3.398052e-19 9.049062e-20   0.000000
1.737943e+04 2.852533e-19 8.427003e-20   0.000000
1.739924e+04 2.900367e-19 7.274906e-20   0.000000
1.742084e+04 4.642111e-19 9.164520e-20   0.000000
1.743945e+04 2.630075e-19 8.463483e-20   0.000000
1.746225e+04 2.871563e-19 6.673879e-20   0.000000
1.748146e+04 2.212894e-19 7.394835e-20   0.000000
1.749946e+04 2.537621e-19 8.309395e-20   0.000000
1.752107e+04 2.558205e-19 6.884304e-20   0.000000
1.754507e+04 3.029133e-19 8.314810e-20   0.000000
1.756247e+04 1.828800e-19 6.790569e-20   0.000000
1.757988e+04 2.614444e-19 6.502867e-20   0.000000
1.760028e+04 3.070603e-19 7.215973e-20   0.000000
1.762189e+04 3.426234e-19 8.726080e-20   0.000000
1.764049e+04 2.162558e-19 6.969015e-20   0.000000
1.766690e+04 3.699470e-19 1.116427e-19   0.000000
1.769030e+04 6.327708e-19 1.222186e-19   0.000000
1.771311e+04 2.268559e-19 7.227092e-20   0.000000
1.773231e+04 2.332647e-19 9.000271e-20   0.000000
1.775212e+04 2.709208e-19 7.041778e-20   0.000000
1.777072e+04 3.853398e-19 9.433493e-20   0.000000
1.779113e+04 2.258804e-19 7.829634e-20   0.000000
1.781153e+04 3.068729e-19 9.703349e-20   0.000000
1.784514e+04 3.760358e-19 1.282895e-19   0.000000
1.786554e+04 2.280541e-19 1.052319e-19   0.000000
1.789615e+04 3.041512e-19 1.005221e-19   0.000000
1.791596e+04 2.352143e-19 8.658252e-20   0.000000
1.793276e+04 2.265968e-19 7.806839e-20   0.000000
1.795016e+04 2.416588e-19 7.753428e-20   0.000000
1.797297e+04 2.638873e-19 7.773752e-20   0.000000
1.798917e+04 3.666274e-19 1.043402e-19   0.000000
1.801378e+04 4.944198e-19 1.122230e-19   0.000000
1.804019e+04 3.053348e-19 1.084611e-19   0.000000
1.806599e+04 8.874940e-19 1.581780e-19   0.000000
1.808400e+04 2.301589e-19 8.057101e-20   0.000000
1.810500e+04 2.283001e-19 9.843945e-20   0.000000
1.812901e+04 7.244996e-19 1.310694e-19   0.000000
1.815541e+04 3.075469e-19 1.350143e-19   0.000000
1.817702e+04 2.915796e-19 1.060045e-19   0.000000
1.819442e+04 3.091166e-19 1.245347e-19   0.000000
1.821843e+04 4.519375e-19 1.870086e-19   0.000000
1.824063e+04 4.192150e-19 9.969065e-20   0.000000
1.825984e+04 5.751137e-19 2.024010e-19   0.000000
1.828744e+04 1.143770e-18 2.686009e-19   0.000000
1.831445e+04 4.639515e-19 1.692429e-19   0.000000
1.833905e+04 4.269335e-19 1.463326e-19   0.000000
1.836426e+04 3.277029e-19 1.620485e-19   0.000000
1.839007e+04 4.989698e-19 1.617437e-19   0.000000
1.842547e+04 4.228053e-19 1.677317e-19   0.000000
1.845428e+04 3.629660e-19 1.173808e-19   0.000000
1.848009e+04 2.846726e-19 1.358277e-19   0.000000
1.851249e+04 5.968306e-19 1.486740e-19   0.000000
1.854010e+04 5.029525e-19 1.707028e-19   0.000000
1.857731e+04 2.879849e-19 1.365383e-19   0.000000
1.860672e+04 3.134031e-19 1.195614e-19   0.000000
1.863852e+04 4.647131e-19 1.979204e-19   0.000000
1.866733e+04 2.900022e-19 1.242158e-19   0.000000
1.869134e+04 2.770897e-19 1.156844e-19   0.000000
1.871774e+04 3.178361e-19 1.516259e-19   0.000000
1.874235e+04 3.102921e-19 1.783120e-19   0.000000
1.877536e+04 4.281268e-19 1.963065e-19   0.000000
1.879576e+04 7.819273e-19 1.790784e-19   0.000000
1.881857e+04 5.990254e-19 1.627513e-19   0.000000
1.885637e+04 5.717286e-19 1.679335e-19   0.000000
1.888278e+04 3.395290e-19 1.171681e-19   0.000000
1.890619e+04 8.196861e-19 1.653621e-19   0.000000
1.893799e+04 4.891227e-19 1.681963e-19   0.000000
1.896260e+04 4.710581e-19 1.100955e-19   0.000000
1.898720e+04 2.997907e-19 1.477704e-19   0.000000
1.901421e+04 3.934530e-19 1.498752e-19   0.000000
1.904302e+04 1.556776e-19 1.625674e-19   0.000000
1.907482e+04 5.271204e-19 1.718441e-19   0.000000
1.909763e+04 5.753502e-19 1.813054e-19   0.000000
1.912224e+04 8.926982e-19 2.746518e-19   0.000000
1.915584e+04 6.666260e-19 2.044828e-19   0.000000
1.917685e+04 3.794835e-19 1.194428e-19   0.000000
1.920565e+04 3.248896e-19 1.460955e-19   0.000000
1.923986e+04 5.147462e-19 1.392589e-19   0.000000
1.926207e+04 3.229633e-19 1.383500e-19   0.000000
1.928727e+04 4.735929e-19 1.416244e-19   0.000000
1.931848e+04 3.138840e-19 1.205569e-19   0.000000
1.933769e+04 4.807109e-19 1.255816e-19   0.000000
1.936469e+04 4.030425e-19 1.207544e-19   0.000000
1.939110e+04 2.117390e-19 1.294571e-19   0.000000
1.942110e+04 2.272639e-19 9.053285e-20   0.000000
1.944451e+04 3.343084e-19 1.048767e-19   0.000000
1.946792e+04 4.161791e-19 1.258834e-19   0.000000
1.949492e+04 3.690864e-19 1.128251e-19   0.000000
1.952493e+04 7.444781e-19 1.651248e-19   0.000000
1.955313e+04 5.185397e-19 1.558684e-19   0.000000
1.958134e+04 4.653425e-19 1.283085e-19   0.000000
1.961315e+04 5.029460e-19 1.140887e-19   0.000000
1.963835e+04 6.028895e-19 1.291347e-19   0.000000
1.966836e+04 4.491198e-19 1.055861e-19   0.000000
1.968877e+04 5.568007e-19 1.115028e-19   0.000000
1.971757e+04 5.281776e-19 9.431588e-20   0.000000
1.973558e+04 4.864714e-19 1.068319e-19   0.000000
1.975478e+04 5.571158e-19 1.100913e-19   0.000000
1.977519e+04 6.347432e-19 1.117117e-19   0.000000
1.979559e+04 2.807785e-19 8.803965e-20   0.000000
1.981540e+04 2.971404e-19 8.693525e-20   0.000000
1.983580e+04 5.410933e-19 9.029322e-20   0.000000
1.985380e+04 3.242463e-19 7.619302e-20   0.000000
1.988261e+04 2.714484e-19 8.420076e-20   0.000000
1.990482e+04 3.446399e-19 1.053026e-19   0.000000
1.992702e+04 3.278769e-19 8.808519e-20   0.000000
1.994683e+04 2.725703e-19 8.026975e-20   0.000000
1.996483e+04 3.887610e-19 9.420341e-20   0.000000
